3600.000000
1 5.000000e+00
1 8.847564e-15
1 2.424861e-14
2 5.000000e+00
2 8.847564e-15
2 2.424861e-14
3 5.000000e+00
3 8.847564e-15
3 2.424861e-14
4 5.000000e+00
4 8.847564e-15
4 2.424861e-14
5 5.000000e+00
5 8.847564e-15
5 2.424861e-14
6 5.000000e+00
6 8.847564e-15
6 2.424861e-14
7 5.000000e+00
7 8.847564e-15
7 2.424861e-14
8 5.000000e+00
8 8.847564e-15
8 2.424861e-14
9 5.000000e+00
9 8.847564e-15
9 2.424861e-14
10 5.000000e+00
10 8.847564e-15
10 2.424861e-14
11 5.000000e+00
11 8.847564e-15
11 2.424861e-14
12 5.000000e+00
12 8.847564e-15
12 2.424861e-14
13 5.000000e+00
13 8.847564e-15
13 2.424861e-14
14 5.000000e+00
14 8.847564e-15
14 2.424861e-14
15 5.000000e+00
15 8.847564e-15
15 2.424861e-14
16 5.000000e+00
16 8.847564e-15
16 2.424861e-14
17 5.000000e+00
17 8.847564e-15
17 2.424861e-14
18 5.000000e+00
18 8.847564e-15
18 2.424861e-14
19 5.000000e+00
19 8.847564e-15
19 2.424861e-14
20 5.000000e+00
20 8.847564e-15
20 2.424861e-14
21 5.000000e+00
21 8.847564e-15
21 2.424861e-14
22 5.000000e+00
22 8.847564e-15
22 2.424861e-14
23 5.000000e+00
23 8.847564e-15
23 2.424861e-14
24 5.000000e+00
24 8.847564e-15
24 2.424861e-14
25 5.000000e+00
25 8.847564e-15
25 2.424861e-14
26 5.000000e+00
26 8.847564e-15
26 2.424861e-14
27 5.000000e+00
27 8.847564e-15
27 2.424861e-14
28 5.000000e+00
28 8.847564e-15
28 2.424861e-14
29 5.000000e+00
29 8.847564e-15
29 2.424861e-14
30 5.000000e+00
30 8.847564e-15
30 2.424861e-14
31 5.000000e+00
31 8.847564e-15
31 2.424861e-14
32 5.000000e+00
32 8.847564e-15
32 2.424861e-14
33 5.000000e+00
33 8.847564e-15
33 2.424861e-14
34 5.000000e+00
34 8.847564e-15
34 2.424861e-14
35 5.000000e+00
35 8.847564e-15
35 2.424861e-14
36 5.000000e+00
36 8.847564e-15
36 2.424861e-14
37 5.000000e+00
37 8.847564e-15
37 2.424861e-14
38 5.000000e+00
38 8.847564e-15
38 2.424861e-14
39 5.000000e+00
39 8.847564e-15
39 2.424861e-14
40 5.000000e+00
40 8.847564e-15
40 2.424861e-14
41 5.000000e+00
41 8.847564e-15
41 2.424861e-14
42 5.000000e+00
42 8.847564e-15
42 2.424861e-14
43 5.000000e+00
43 8.847564e-15
43 2.424861e-14
44 5.000000e+00
44 8.847564e-15
44 2.424861e-14
45 5.000000e+00
45 8.847564e-15
45 2.424861e-14
46 5.000000e+00
46 8.847564e-15
46 2.424861e-14
47 5.000000e+00
47 8.847564e-15
47 2.424861e-14
48 5.000000e+00
48 8.847564e-15
48 2.424861e-14
49 5.000000e+00
49 8.847564e-15
49 2.424861e-14
50 5.000000e+00
50 8.847564e-15
50 2.424861e-14
51 5.000000e+00
51 8.847564e-15
51 2.424861e-14
52 5.000000e+00
52 8.847564e-15
52 2.424861e-14
53 5.000000e+00
53 8.847564e-15
53 2.424861e-14
54 5.000000e+00
54 8.847564e-15
54 2.424861e-14
55 5.000000e+00
55 8.847564e-15
55 2.424861e-14
56 5.000000e+00
56 8.847564e-15
56 2.424861e-14
57 5.000000e+00
57 8.847564e-15
57 2.424861e-14
58 5.000000e+00
58 8.847564e-15
58 2.424861e-14
59 5.000000e+00
59 8.847564e-15
59 2.424861e-14
60 5.000000e+00
60 8.847564e-15
60 2.424861e-14
61 5.000000e+00
61 8.847564e-15
61 2.424861e-14
62 5.000000e+00
62 8.847564e-15
62 2.424861e-14
63 5.000000e+00
63 8.847564e-15
63 2.424861e-14
64 5.000000e+00
64 8.847564e-15
64 2.424861e-14
65 5.000000e+00
65 8.847564e-15
65 2.424861e-14
66 5.000000e+00
66 8.847564e-15
66 2.424861e-14
67 5.000000e+00
67 8.847564e-15
67 2.424861e-14
68 5.000000e+00
68 8.847564e-15
68 2.424861e-14
69 5.000000e+00
69 8.847564e-15
69 2.424861e-14
70 5.000000e+00
70 8.847564e-15
70 2.424861e-14
71 5.000000e+00
71 8.847564e-15
71 2.424861e-14
72 5.000000e+00
72 8.847564e-15
72 2.424861e-14
73 5.000000e+00
73 8.847564e-15
73 2.424861e-14
74 5.000000e+00
74 8.847564e-15
74 2.424861e-14
75 5.000000e+00
75 8.847564e-15
75 2.424861e-14
76 5.000000e+00
76 8.847564e-15
76 2.424861e-14
77 5.000000e+00
77 8.847564e-15
77 2.424861e-14
78 5.000000e+00
78 8.847564e-15
78 2.424861e-14
79 5.000000e+00
79 8.847564e-15
79 2.424861e-14
80 5.000000e+00
80 8.847564e-15
80 2.424861e-14
81 5.000000e+00
81 8.847564e-15
81 2.424861e-14
82 5.000000e+00
82 8.847564e-15
82 2.424861e-14
83 5.000000e+00
83 8.847564e-15
83 2.424861e-14
84 5.000000e+00
84 8.847564e-15
84 2.424861e-14
85 5.000000e+00
85 8.847564e-15
85 2.424861e-14
86 5.000000e+00
86 8.847564e-15
86 2.424861e-14
87 5.000000e+00
87 8.847564e-15
87 2.424861e-14
88 5.000000e+00
88 8.847564e-15
88 2.424861e-14
89 5.000000e+00
89 8.847564e-15
89 2.424861e-14
90 5.000000e+00
90 8.847564e-15
90 2.424861e-14
91 5.000000e+00
91 8.847564e-15
91 2.424861e-14
92 5.000000e+00
92 8.847564e-15
92 2.424861e-14
93 5.000000e+00
93 8.847564e-15
93 2.424861e-14
94 5.000000e+00
94 8.847564e-15
94 2.424861e-14
95 5.000000e+00
95 8.847564e-15
95 2.424861e-14
96 5.000000e+00
96 8.847564e-15
96 2.424861e-14
97 5.000000e+00
97 8.847564e-15
97 2.424861e-14
98 5.000000e+00
98 8.847564e-15
98 2.424861e-14
99 5.000000e+00
99 8.847564e-15
99 2.424861e-14
100 5.000000e+00
100 8.847564e-15
100 2.424861e-14
101 5.000000e+00
101 8.847564e-15
101 2.424861e-14
102 5.000000e+00
102 8.847564e-15
102 2.424861e-14
103 5.000000e+00
103 8.847564e-15
103 2.424861e-14
104 5.000000e+00
104 8.847564e-15
104 2.424861e-14
105 5.000000e+00
105 8.847564e-15
105 2.424861e-14
106 5.000000e+00
106 8.847564e-15
106 2.424861e-14
107 5.000000e+00
107 8.847564e-15
107 2.424861e-14
108 5.000000e+00
108 8.847564e-15
108 2.424861e-14
109 5.000000e+00
109 8.847564e-15
109 2.424861e-14
110 5.000000e+00
110 8.847564e-15
110 2.424861e-14
111 5.000000e+00
111 8.847564e-15
111 2.424861e-14
112 5.000000e+00
112 8.847564e-15
112 2.424861e-14
113 5.000000e+00
113 8.847564e-15
113 2.424861e-14
114 5.000000e+00
114 8.847564e-15
114 2.424861e-14
115 5.000000e+00
115 8.847564e-15
115 2.424861e-14
116 5.000000e+00
116 8.847564e-15
116 2.424861e-14
117 5.000000e+00
117 8.847564e-15
117 2.424861e-14
118 5.000000e+00
118 8.847564e-15
118 2.424861e-14
119 5.000000e+00
119 8.847564e-15
119 2.424861e-14
120 5.000000e+00
120 8.847564e-15
120 2.424861e-14
121 5.000000e+00
121 8.847564e-15
121 2.424861e-14
122 5.000000e+00
122 8.847564e-15
122 2.424861e-14
123 5.000000e+00
123 8.847564e-15
123 2.424861e-14
124 5.000000e+00
124 8.847564e-15
124 2.424861e-14
125 5.000000e+00
125 8.847564e-15
125 2.424861e-14
126 5.000000e+00
126 8.847564e-15
126 2.424861e-14
127 5.000000e+00
127 8.847564e-15
127 2.424861e-14
128 5.000000e+00
128 8.847564e-15
128 2.424861e-14
129 5.000000e+00
129 8.847564e-15
129 2.424861e-14
130 5.000000e+00
130 8.847564e-15
130 2.424861e-14
131 5.000000e+00
131 8.847564e-15
131 2.424861e-14
132 5.000000e+00
132 8.847564e-15
132 2.424861e-14
133 5.000000e+00
133 8.847564e-15
133 2.424861e-14
134 5.000000e+00
134 8.847564e-15
134 2.424861e-14
135 5.000000e+00
135 8.847564e-15
135 2.424861e-14
136 5.000000e+00
136 8.847564e-15
136 2.424861e-14
137 5.000000e+00
137 8.847564e-15
137 2.424861e-14
138 5.000000e+00
138 8.847564e-15
138 2.424861e-14
139 5.000000e+00
139 8.847564e-15
139 2.424861e-14
140 5.000000e+00
140 8.847564e-15
140 2.424861e-14
141 5.000000e+00
141 8.847564e-15
141 2.424861e-14
142 5.000000e+00
142 8.847564e-15
142 2.424861e-14
143 5.000000e+00
143 8.847564e-15
143 2.424861e-14
144 5.000000e+00
144 8.847564e-15
144 2.424861e-14
145 5.000000e+00
145 8.847564e-15
145 2.424861e-14
146 5.000000e+00
146 8.847564e-15
146 2.424861e-14
147 5.000000e+00
147 8.847564e-15
147 2.424861e-14
148 5.000000e+00
148 8.847564e-15
148 2.424861e-14
149 5.000000e+00
149 8.847564e-15
149 2.424861e-14
150 5.000000e+00
150 8.847564e-15
150 2.424861e-14
151 5.000000e+00
151 8.847564e-15
151 2.424861e-14
152 5.000000e+00
152 8.847564e-15
152 2.424861e-14
153 5.000000e+00
153 8.847564e-15
153 2.424861e-14
154 5.000000e+00
154 8.847564e-15
154 2.424861e-14
155 5.000000e+00
155 8.847564e-15
155 2.424861e-14
156 5.000000e+00
156 8.847564e-15
156 2.424861e-14
157 5.000000e+00
157 8.847564e-15
157 2.424861e-14
158 5.000000e+00
158 8.847564e-15
158 2.424861e-14
159 5.000000e+00
159 8.847564e-15
159 2.424861e-14
160 5.000000e+00
160 8.847564e-15
160 2.424861e-14
161 5.000000e+00
161 8.847564e-15
161 2.424861e-14
162 5.000000e+00
162 8.847564e-15
162 2.424861e-14
163 5.000000e+00
163 8.847564e-15
163 2.424861e-14
164 5.000000e+00
164 8.847564e-15
164 2.424861e-14
165 5.000000e+00
165 8.847564e-15
165 2.424861e-14
166 5.000000e+00
166 8.847564e-15
166 2.424861e-14
167 5.000000e+00
167 8.847564e-15
167 2.424861e-14
168 5.000000e+00
168 8.847564e-15
168 2.424861e-14
169 5.000000e+00
169 8.847564e-15
169 2.424861e-14
170 5.000000e+00
170 8.847564e-15
170 2.424861e-14
171 5.000000e+00
171 8.847564e-15
171 2.424861e-14
172 5.000000e+00
172 8.847564e-15
172 2.424861e-14
173 5.000000e+00
173 8.847564e-15
173 2.424861e-14
174 5.000000e+00
174 8.847564e-15
174 2.424861e-14
175 5.000000e+00
175 8.847564e-15
175 2.424861e-14
176 5.000000e+00
176 8.847564e-15
176 2.424861e-14
177 5.000000e+00
177 8.847564e-15
177 2.424861e-14
178 5.000000e+00
178 8.847564e-15
178 2.424861e-14
179 5.000000e+00
179 8.847564e-15
179 2.424861e-14
180 5.000000e+00
180 8.847564e-15
180 2.424861e-14
181 5.000000e+00
181 8.847564e-15
181 2.424861e-14
182 5.000000e+00
182 8.847564e-15
182 2.424861e-14
183 5.000000e+00
183 8.847564e-15
183 2.424861e-14
184 5.000000e+00
184 8.847564e-15
184 2.424861e-14
185 5.000000e+00
185 8.847564e-15
185 2.424861e-14
186 5.000000e+00
186 8.847564e-15
186 2.424861e-14
187 5.000000e+00
187 8.847564e-15
187 2.424861e-14
188 5.000000e+00
188 8.847564e-15
188 2.424861e-14
189 5.000000e+00
189 8.847564e-15
189 2.424861e-14
190 5.000000e+00
190 8.847564e-15
190 2.424861e-14
191 5.000000e+00
191 8.847564e-15
191 2.424861e-14
192 5.000000e+00
192 8.847564e-15
192 2.424861e-14
193 5.000000e+00
193 8.847564e-15
193 2.424861e-14
194 5.000000e+00
194 8.847564e-15
194 2.424861e-14
195 5.000000e+00
195 8.847564e-15
195 2.424861e-14
196 5.000000e+00
196 8.847564e-15
196 2.424861e-14
197 5.000000e+00
197 8.847564e-15
197 2.424861e-14
198 5.000000e+00
198 8.847564e-15
198 2.424861e-14
199 5.000000e+00
199 8.847564e-15
199 2.424861e-14
200 5.000000e+00
200 8.847564e-15
200 2.424861e-14
7200.000000
1 5.000000e+00
1 8.847564e-15
1 2.424861e-14
2 5.000000e+00
2 8.847564e-15
2 2.424861e-14
3 5.000000e+00
3 8.847564e-15
3 2.424861e-14
4 5.000000e+00
4 8.847564e-15
4 2.424861e-14
5 5.000000e+00
5 8.847564e-15
5 2.424861e-14
6 5.000000e+00
6 8.847564e-15
6 2.424861e-14
7 5.000000e+00
7 8.847564e-15
7 2.424861e-14
8 5.000000e+00
8 8.847564e-15
8 2.424861e-14
9 5.000000e+00
9 8.847564e-15
9 2.424861e-14
10 5.000000e+00
10 8.847564e-15
10 2.424861e-14
11 5.000000e+00
11 8.847564e-15
11 2.424861e-14
12 5.000000e+00
12 8.847564e-15
12 2.424861e-14
13 5.000000e+00
13 8.847564e-15
13 2.424861e-14
14 5.000000e+00
14 8.847564e-15
14 2.424861e-14
15 5.000000e+00
15 8.847564e-15
15 2.424861e-14
16 5.000000e+00
16 8.847564e-15
16 2.424861e-14
17 5.000000e+00
17 8.847564e-15
17 2.424861e-14
18 5.000000e+00
18 8.847564e-15
18 2.424861e-14
19 5.000000e+00
19 8.847564e-15
19 2.424861e-14
20 5.000000e+00
20 8.847564e-15
20 2.424861e-14
21 5.000000e+00
21 8.847564e-15
21 2.424861e-14
22 5.000000e+00
22 8.847564e-15
22 2.424861e-14
23 5.000000e+00
23 8.847564e-15
23 2.424861e-14
24 5.000000e+00
24 8.847564e-15
24 2.424861e-14
25 5.000000e+00
25 8.847564e-15
25 2.424861e-14
26 5.000000e+00
26 8.847564e-15
26 2.424861e-14
27 5.000000e+00
27 8.847564e-15
27 2.424861e-14
28 5.000000e+00
28 8.847564e-15
28 2.424861e-14
29 5.000000e+00
29 8.847564e-15
29 2.424861e-14
30 5.000000e+00
30 8.847564e-15
30 2.424861e-14
31 5.000000e+00
31 8.847564e-15
31 2.424861e-14
32 5.000000e+00
32 8.847564e-15
32 2.424861e-14
33 5.000000e+00
33 8.847564e-15
33 2.424861e-14
34 5.000000e+00
34 8.847564e-15
34 2.424861e-14
35 5.000000e+00
35 8.847564e-15
35 2.424861e-14
36 5.000000e+00
36 8.847564e-15
36 2.424861e-14
37 5.000000e+00
37 8.847564e-15
37 2.424861e-14
38 5.000000e+00
38 8.847564e-15
38 2.424861e-14
39 5.000000e+00
39 8.847564e-15
39 2.424861e-14
40 5.000000e+00
40 8.847564e-15
40 2.424861e-14
41 5.000000e+00
41 8.847564e-15
41 2.424861e-14
42 5.000000e+00
42 8.847564e-15
42 2.424861e-14
43 5.000000e+00
43 8.847564e-15
43 2.424861e-14
44 5.000000e+00
44 8.847564e-15
44 2.424861e-14
45 5.000000e+00
45 8.847564e-15
45 2.424861e-14
46 5.000000e+00
46 8.847564e-15
46 2.424861e-14
47 5.000000e+00
47 8.847564e-15
47 2.424861e-14
48 5.000000e+00
48 8.847564e-15
48 2.424861e-14
49 5.000000e+00
49 8.847564e-15
49 2.424861e-14
50 5.000000e+00
50 8.847564e-15
50 2.424861e-14
51 5.000000e+00
51 8.847564e-15
51 2.424861e-14
52 5.000000e+00
52 8.847564e-15
52 2.424861e-14
53 5.000000e+00
53 8.847564e-15
53 2.424861e-14
54 5.000000e+00
54 8.847564e-15
54 2.424861e-14
55 5.000000e+00
55 8.847564e-15
55 2.424861e-14
56 5.000000e+00
56 8.847564e-15
56 2.424861e-14
57 5.000000e+00
57 8.847564e-15
57 2.424861e-14
58 5.000000e+00
58 8.847564e-15
58 2.424861e-14
59 5.000000e+00
59 8.847564e-15
59 2.424861e-14
60 5.000000e+00
60 8.847564e-15
60 2.424861e-14
61 5.000000e+00
61 8.847564e-15
61 2.424861e-14
62 5.000000e+00
62 8.847564e-15
62 2.424861e-14
63 5.000000e+00
63 8.847564e-15
63 2.424861e-14
64 5.000000e+00
64 8.847564e-15
64 2.424861e-14
65 5.000000e+00
65 8.847564e-15
65 2.424861e-14
66 5.000000e+00
66 8.847564e-15
66 2.424861e-14
67 5.000000e+00
67 8.847564e-15
67 2.424861e-14
68 5.000000e+00
68 8.847564e-15
68 2.424861e-14
69 5.000000e+00
69 8.847564e-15
69 2.424861e-14
70 5.000000e+00
70 8.847564e-15
70 2.424861e-14
71 5.000000e+00
71 8.847564e-15
71 2.424861e-14
72 5.000000e+00
72 8.847564e-15
72 2.424861e-14
73 5.000000e+00
73 8.847564e-15
73 2.424861e-14
74 5.000000e+00
74 8.847564e-15
74 2.424861e-14
75 5.000000e+00
75 8.847564e-15
75 2.424861e-14
76 5.000000e+00
76 8.847564e-15
76 2.424861e-14
77 5.000000e+00
77 8.847564e-15
77 2.424861e-14
78 5.000000e+00
78 8.847564e-15
78 2.424861e-14
79 5.000000e+00
79 8.847564e-15
79 2.424861e-14
80 5.000000e+00
80 8.847564e-15
80 2.424861e-14
81 5.000000e+00
81 8.847564e-15
81 2.424861e-14
82 5.000000e+00
82 8.847564e-15
82 2.424861e-14
83 5.000000e+00
83 8.847564e-15
83 2.424861e-14
84 5.000000e+00
84 8.847564e-15
84 2.424861e-14
85 5.000000e+00
85 8.847564e-15
85 2.424861e-14
86 5.000000e+00
86 8.847564e-15
86 2.424861e-14
87 5.000000e+00
87 8.847564e-15
87 2.424861e-14
88 5.000000e+00
88 8.847564e-15
88 2.424861e-14
89 5.000000e+00
89 8.847564e-15
89 2.424861e-14
90 5.000000e+00
90 8.847564e-15
90 2.424861e-14
91 5.000000e+00
91 8.847564e-15
91 2.424861e-14
92 5.000000e+00
92 8.847564e-15
92 2.424861e-14
93 5.000000e+00
93 8.847564e-15
93 2.424861e-14
94 5.000000e+00
94 8.847564e-15
94 2.424861e-14
95 5.000000e+00
95 8.847564e-15
95 2.424861e-14
96 5.000000e+00
96 8.847564e-15
96 2.424861e-14
97 5.000000e+00
97 8.847564e-15
97 2.424861e-14
98 5.000000e+00
98 8.847564e-15
98 2.424861e-14
99 5.000000e+00
99 8.847564e-15
99 2.424861e-14
100 5.000000e+00
100 8.847564e-15
100 2.424861e-14
101 5.000000e+00
101 8.847564e-15
101 2.424861e-14
102 5.000000e+00
102 8.847564e-15
102 2.424861e-14
103 5.000000e+00
103 8.847564e-15
103 2.424861e-14
104 5.000000e+00
104 8.847564e-15
104 2.424861e-14
105 5.000000e+00
105 8.847564e-15
105 2.424861e-14
106 5.000000e+00
106 8.847564e-15
106 2.424861e-14
107 5.000000e+00
107 8.847564e-15
107 2.424861e-14
108 5.000000e+00
108 8.847564e-15
108 2.424861e-14
109 5.000000e+00
109 8.847564e-15
109 2.424861e-14
110 5.000000e+00
110 8.847564e-15
110 2.424861e-14
111 5.000000e+00
111 8.847564e-15
111 2.424861e-14
112 5.000000e+00
112 8.847564e-15
112 2.424861e-14
113 5.000000e+00
113 8.847564e-15
113 2.424861e-14
114 5.000000e+00
114 8.847564e-15
114 2.424861e-14
115 5.000000e+00
115 8.847564e-15
115 2.424861e-14
116 5.000000e+00
116 8.847564e-15
116 2.424861e-14
117 5.000000e+00
117 8.847564e-15
117 2.424861e-14
118 5.000000e+00
118 8.847564e-15
118 2.424861e-14
119 5.000000e+00
119 8.847564e-15
119 2.424861e-14
120 5.000000e+00
120 8.847564e-15
120 2.424861e-14
121 5.000000e+00
121 8.847564e-15
121 2.424861e-14
122 5.000000e+00
122 8.847564e-15
122 2.424861e-14
123 5.000000e+00
123 8.847564e-15
123 2.424861e-14
124 5.000000e+00
124 8.847564e-15
124 2.424861e-14
125 5.000000e+00
125 8.847564e-15
125 2.424861e-14
126 5.000000e+00
126 8.847564e-15
126 2.424861e-14
127 5.000000e+00
127 8.847564e-15
127 2.424861e-14
128 5.000000e+00
128 8.847564e-15
128 2.424861e-14
129 5.000000e+00
129 8.847564e-15
129 2.424861e-14
130 5.000000e+00
130 8.847564e-15
130 2.424861e-14
131 5.000000e+00
131 8.847564e-15
131 2.424861e-14
132 5.000000e+00
132 8.847564e-15
132 2.424861e-14
133 5.000000e+00
133 8.847564e-15
133 2.424861e-14
134 5.000000e+00
134 8.847564e-15
134 2.424861e-14
135 5.000000e+00
135 8.847564e-15
135 2.424861e-14
136 5.000000e+00
136 8.847564e-15
136 2.424861e-14
137 5.000000e+00
137 8.847564e-15
137 2.424861e-14
138 5.000000e+00
138 8.847564e-15
138 2.424861e-14
139 5.000000e+00
139 8.847564e-15
139 2.424861e-14
140 5.000000e+00
140 8.847564e-15
140 2.424861e-14
141 5.000000e+00
141 8.847564e-15
141 2.424861e-14
142 5.000000e+00
142 8.847564e-15
142 2.424861e-14
143 5.000000e+00
143 8.847564e-15
143 2.424861e-14
144 5.000000e+00
144 8.847564e-15
144 2.424861e-14
145 5.000000e+00
145 8.847564e-15
145 2.424861e-14
146 5.000000e+00
146 8.847564e-15
146 2.424861e-14
147 5.000000e+00
147 8.847564e-15
147 2.424861e-14
148 5.000000e+00
148 8.847564e-15
148 2.424861e-14
149 5.000000e+00
149 8.847564e-15
149 2.424861e-14
150 5.000000e+00
150 8.847564e-15
150 2.424861e-14
151 5.000000e+00
151 8.847564e-15
151 2.424861e-14
152 5.000000e+00
152 8.847564e-15
152 2.424861e-14
153 5.000000e+00
153 8.847564e-15
153 2.424861e-14
154 5.000000e+00
154 8.847564e-15
154 2.424861e-14
155 5.000000e+00
155 8.847564e-15
155 2.424861e-14
156 5.000000e+00
156 8.847564e-15
156 2.424861e-14
157 5.000000e+00
157 8.847564e-15
157 2.424861e-14
158 5.000000e+00
158 8.847564e-15
158 2.424861e-14
159 5.000000e+00
159 8.847564e-15
159 2.424861e-14
160 5.000000e+00
160 8.847564e-15
160 2.424861e-14
161 5.000000e+00
161 8.847564e-15
161 2.424861e-14
162 5.000000e+00
162 8.847564e-15
162 2.424861e-14
163 5.000000e+00
163 8.847564e-15
163 2.424861e-14
164 5.000000e+00
164 8.847564e-15
164 2.424861e-14
165 5.000000e+00
165 8.847564e-15
165 2.424861e-14
166 5.000000e+00
166 8.847564e-15
166 2.424861e-14
167 5.000000e+00
167 8.847564e-15
167 2.424861e-14
168 5.000000e+00
168 8.847564e-15
168 2.424861e-14
169 5.000000e+00
169 8.847564e-15
169 2.424861e-14
170 5.000000e+00
170 8.847564e-15
170 2.424861e-14
171 5.000000e+00
171 8.847564e-15
171 2.424861e-14
172 5.000000e+00
172 8.847564e-15
172 2.424861e-14
173 5.000000e+00
173 8.847564e-15
173 2.424861e-14
174 5.000000e+00
174 8.847564e-15
174 2.424861e-14
175 5.000000e+00
175 8.847564e-15
175 2.424861e-14
176 5.000000e+00
176 8.847564e-15
176 2.424861e-14
177 5.000000e+00
177 8.847564e-15
177 2.424861e-14
178 5.000000e+00
178 8.847564e-15
178 2.424861e-14
179 5.000000e+00
179 8.847564e-15
179 2.424861e-14
180 5.000000e+00
180 8.847564e-15
180 2.424861e-14
181 5.000000e+00
181 8.847564e-15
181 2.424861e-14
182 5.000000e+00
182 8.847564e-15
182 2.424861e-14
183 5.000000e+00
183 8.847564e-15
183 2.424861e-14
184 5.000000e+00
184 8.847564e-15
184 2.424861e-14
185 5.000000e+00
185 8.847564e-15
185 2.424861e-14
186 5.000000e+00
186 8.847564e-15
186 2.424861e-14
187 5.000000e+00
187 8.847564e-15
187 2.424861e-14
188 5.000000e+00
188 8.847564e-15
188 2.424861e-14
189 5.000000e+00
189 8.847564e-15
189 2.424861e-14
190 5.000000e+00
190 8.847564e-15
190 2.424861e-14
191 5.000000e+00
191 8.847564e-15
191 2.424861e-14
192 5.000000e+00
192 8.847564e-15
192 2.424861e-14
193 5.000000e+00
193 8.847564e-15
193 2.424861e-14
194 5.000000e+00
194 8.847564e-15
194 2.424861e-14
195 5.000000e+00
195 8.847564e-15
195 2.424861e-14
196 5.000000e+00
196 8.847564e-15
196 2.424861e-14
197 5.000000e+00
197 8.847564e-15
197 2.424861e-14
198 5.000000e+00
198 8.847564e-15
198 2.424861e-14
199 5.000000e+00
199 8.847564e-15
199 2.424861e-14
200 5.000000e+00
200 8.847564e-15
200 2.424861e-14
10800.000000
1 5.000000e+00
1 8.847564e-15
1 2.424861e-14
2 5.000000e+00
2 8.847564e-15
2 2.424861e-14
3 5.000000e+00
3 8.847564e-15
3 2.424861e-14
4 5.000000e+00
4 8.847564e-15
4 2.424861e-14
5 5.000000e+00
5 8.847564e-15
5 2.424861e-14
6 5.000000e+00
6 8.847564e-15
6 2.424861e-14
7 5.000000e+00
7 8.847564e-15
7 2.424861e-14
8 5.000000e+00
8 8.847564e-15
8 2.424861e-14
9 5.000000e+00
9 8.847564e-15
9 2.424861e-14
10 5.000000e+00
10 8.847564e-15
10 2.424861e-14
11 5.000000e+00
11 8.847564e-15
11 2.424861e-14
12 5.000000e+00
12 8.847564e-15
12 2.424861e-14
13 5.000000e+00
13 8.847564e-15
13 2.424861e-14
14 5.000000e+00
14 8.847564e-15
14 2.424861e-14
15 5.000000e+00
15 8.847564e-15
15 2.424861e-14
16 5.000000e+00
16 8.847564e-15
16 2.424861e-14
17 5.000000e+00
17 8.847564e-15
17 2.424861e-14
18 5.000000e+00
18 8.847564e-15
18 2.424861e-14
19 5.000000e+00
19 8.847564e-15
19 2.424861e-14
20 5.000000e+00
20 8.847564e-15
20 2.424861e-14
21 5.000000e+00
21 8.847564e-15
21 2.424861e-14
22 5.000000e+00
22 8.847564e-15
22 2.424861e-14
23 5.000000e+00
23 8.847564e-15
23 2.424861e-14
24 5.000000e+00
24 8.847564e-15
24 2.424861e-14
25 5.000000e+00
25 8.847564e-15
25 2.424861e-14
26 5.000000e+00
26 8.847564e-15
26 2.424861e-14
27 5.000000e+00
27 8.847564e-15
27 2.424861e-14
28 5.000000e+00
28 8.847564e-15
28 2.424861e-14
29 5.000000e+00
29 8.847564e-15
29 2.424861e-14
30 5.000000e+00
30 8.847564e-15
30 2.424861e-14
31 5.000000e+00
31 8.847564e-15
31 2.424861e-14
32 5.000000e+00
32 8.847564e-15
32 2.424861e-14
33 5.000000e+00
33 8.847564e-15
33 2.424861e-14
34 5.000000e+00
34 8.847564e-15
34 2.424861e-14
35 5.000000e+00
35 8.847564e-15
35 2.424861e-14
36 5.000000e+00
36 8.847564e-15
36 2.424861e-14
37 5.000000e+00
37 8.847564e-15
37 2.424861e-14
38 5.000000e+00
38 8.847564e-15
38 2.424861e-14
39 5.000000e+00
39 8.847564e-15
39 2.424861e-14
40 5.000000e+00
40 8.847564e-15
40 2.424861e-14
41 5.000000e+00
41 8.847564e-15
41 2.424861e-14
42 5.000000e+00
42 8.847564e-15
42 2.424861e-14
43 5.000000e+00
43 8.847564e-15
43 2.424861e-14
44 5.000000e+00
44 8.847564e-15
44 2.424861e-14
45 5.000000e+00
45 8.847564e-15
45 2.424861e-14
46 5.000000e+00
46 8.847564e-15
46 2.424861e-14
47 5.000000e+00
47 8.847564e-15
47 2.424861e-14
48 5.000000e+00
48 8.847564e-15
48 2.424861e-14
49 5.000000e+00
49 8.847564e-15
49 2.424861e-14
50 5.000000e+00
50 8.847564e-15
50 2.424861e-14
51 5.000000e+00
51 8.847564e-15
51 2.424861e-14
52 5.000000e+00
52 8.847564e-15
52 2.424861e-14
53 5.000000e+00
53 8.847564e-15
53 2.424861e-14
54 5.000000e+00
54 8.847564e-15
54 2.424861e-14
55 5.000000e+00
55 8.847564e-15
55 2.424861e-14
56 5.000000e+00
56 8.847564e-15
56 2.424861e-14
57 5.000000e+00
57 8.847564e-15
57 2.424861e-14
58 5.000000e+00
58 8.847564e-15
58 2.424861e-14
59 5.000000e+00
59 8.847564e-15
59 2.424861e-14
60 5.000000e+00
60 8.847564e-15
60 2.424861e-14
61 5.000000e+00
61 8.847564e-15
61 2.424861e-14
62 5.000000e+00
62 8.847564e-15
62 2.424861e-14
63 5.000000e+00
63 8.847564e-15
63 2.424861e-14
64 5.000000e+00
64 8.847564e-15
64 2.424861e-14
65 5.000000e+00
65 8.847564e-15
65 2.424861e-14
66 5.000000e+00
66 8.847564e-15
66 2.424861e-14
67 5.000000e+00
67 8.847564e-15
67 2.424861e-14
68 5.000000e+00
68 8.847564e-15
68 2.424861e-14
69 5.000000e+00
69 8.847564e-15
69 2.424861e-14
70 5.000000e+00
70 8.847564e-15
70 2.424861e-14
71 5.000000e+00
71 8.847564e-15
71 2.424861e-14
72 5.000000e+00
72 8.847564e-15
72 2.424861e-14
73 5.000000e+00
73 8.847564e-15
73 2.424861e-14
74 5.000000e+00
74 8.847564e-15
74 2.424861e-14
75 5.000000e+00
75 8.847564e-15
75 2.424861e-14
76 5.000000e+00
76 8.847564e-15
76 2.424861e-14
77 5.000000e+00
77 8.847564e-15
77 2.424861e-14
78 5.000000e+00
78 8.847564e-15
78 2.424861e-14
79 5.000000e+00
79 8.847564e-15
79 2.424861e-14
80 5.000000e+00
80 8.847564e-15
80 2.424861e-14
81 5.000000e+00
81 8.847564e-15
81 2.424861e-14
82 5.000000e+00
82 8.847564e-15
82 2.424861e-14
83 5.000000e+00
83 8.847564e-15
83 2.424861e-14
84 5.000000e+00
84 8.847564e-15
84 2.424861e-14
85 5.000000e+00
85 8.847564e-15
85 2.424861e-14
86 5.000000e+00
86 8.847564e-15
86 2.424861e-14
87 5.000000e+00
87 8.847564e-15
87 2.424861e-14
88 5.000000e+00
88 8.847564e-15
88 2.424861e-14
89 5.000000e+00
89 8.847564e-15
89 2.424861e-14
90 5.000000e+00
90 8.847564e-15
90 2.424861e-14
91 5.000000e+00
91 8.847564e-15
91 2.424861e-14
92 5.000000e+00
92 8.847564e-15
92 2.424861e-14
93 5.000000e+00
93 8.847564e-15
93 2.424861e-14
94 5.000000e+00
94 8.847564e-15
94 2.424861e-14
95 5.000000e+00
95 8.847564e-15
95 2.424861e-14
96 5.000000e+00
96 8.847564e-15
96 2.424861e-14
97 5.000000e+00
97 8.847564e-15
97 2.424861e-14
98 5.000000e+00
98 8.847564e-15
98 2.424861e-14
99 5.000000e+00
99 8.847564e-15
99 2.424861e-14
100 5.000000e+00
100 8.847564e-15
100 2.424861e-14
101 5.000000e+00
101 8.847564e-15
101 2.424861e-14
102 5.000000e+00
102 8.847564e-15
102 2.424861e-14
103 5.000000e+00
103 8.847564e-15
103 2.424861e-14
104 5.000000e+00
104 8.847564e-15
104 2.424861e-14
105 5.000000e+00
105 8.847564e-15
105 2.424861e-14
106 5.000000e+00
106 8.847564e-15
106 2.424861e-14
107 5.000000e+00
107 8.847564e-15
107 2.424861e-14
108 5.000000e+00
108 8.847564e-15
108 2.424861e-14
109 5.000000e+00
109 8.847564e-15
109 2.424861e-14
110 5.000000e+00
110 8.847564e-15
110 2.424861e-14
111 5.000000e+00
111 8.847564e-15
111 2.424861e-14
112 5.000000e+00
112 8.847564e-15
112 2.424861e-14
113 5.000000e+00
113 8.847564e-15
113 2.424861e-14
114 5.000000e+00
114 8.847564e-15
114 2.424861e-14
115 5.000000e+00
115 8.847564e-15
115 2.424861e-14
116 5.000000e+00
116 8.847564e-15
116 2.424861e-14
117 5.000000e+00
117 8.847564e-15
117 2.424861e-14
118 5.000000e+00
118 8.847564e-15
118 2.424861e-14
119 5.000000e+00
119 8.847564e-15
119 2.424861e-14
120 5.000000e+00
120 8.847564e-15
120 2.424861e-14
121 5.000000e+00
121 8.847564e-15
121 2.424861e-14
122 5.000000e+00
122 8.847564e-15
122 2.424861e-14
123 5.000000e+00
123 8.847564e-15
123 2.424861e-14
124 5.000000e+00
124 8.847564e-15
124 2.424861e-14
125 5.000000e+00
125 8.847564e-15
125 2.424861e-14
126 5.000000e+00
126 8.847564e-15
126 2.424861e-14
127 5.000000e+00
127 8.847564e-15
127 2.424861e-14
128 5.000000e+00
128 8.847564e-15
128 2.424861e-14
129 5.000000e+00
129 8.847564e-15
129 2.424861e-14
130 5.000000e+00
130 8.847564e-15
130 2.424861e-14
131 5.000000e+00
131 8.847564e-15
131 2.424861e-14
132 5.000000e+00
132 8.847564e-15
132 2.424861e-14
133 5.000000e+00
133 8.847564e-15
133 2.424861e-14
134 5.000000e+00
134 8.847564e-15
134 2.424861e-14
135 5.000000e+00
135 8.847564e-15
135 2.424861e-14
136 5.000000e+00
136 8.847564e-15
136 2.424861e-14
137 5.000000e+00
137 8.847564e-15
137 2.424861e-14
138 5.000000e+00
138 8.847564e-15
138 2.424861e-14
139 5.000000e+00
139 8.847564e-15
139 2.424861e-14
140 5.000000e+00
140 8.847564e-15
140 2.424861e-14
141 5.000000e+00
141 8.847564e-15
141 2.424861e-14
142 5.000000e+00
142 8.847564e-15
142 2.424861e-14
143 5.000000e+00
143 8.847564e-15
143 2.424861e-14
144 5.000000e+00
144 8.847564e-15
144 2.424861e-14
145 5.000000e+00
145 8.847564e-15
145 2.424861e-14
146 5.000000e+00
146 8.847564e-15
146 2.424861e-14
147 5.000000e+00
147 8.847564e-15
147 2.424861e-14
148 5.000000e+00
148 8.847564e-15
148 2.424861e-14
149 5.000000e+00
149 8.847564e-15
149 2.424861e-14
150 5.000000e+00
150 8.847564e-15
150 2.424861e-14
151 5.000000e+00
151 8.847564e-15
151 2.424861e-14
152 5.000000e+00
152 8.847564e-15
152 2.424861e-14
153 5.000000e+00
153 8.847564e-15
153 2.424861e-14
154 5.000000e+00
154 8.847564e-15
154 2.424861e-14
155 5.000000e+00
155 8.847564e-15
155 2.424861e-14
156 5.000000e+00
156 8.847564e-15
156 2.424861e-14
157 5.000000e+00
157 8.847564e-15
157 2.424861e-14
158 5.000000e+00
158 8.847564e-15
158 2.424861e-14
159 5.000000e+00
159 8.847564e-15
159 2.424861e-14
160 5.000000e+00
160 8.847564e-15
160 2.424861e-14
161 5.000000e+00
161 8.847564e-15
161 2.424861e-14
162 5.000000e+00
162 8.847564e-15
162 2.424861e-14
163 5.000000e+00
163 8.847564e-15
163 2.424861e-14
164 5.000000e+00
164 8.847564e-15
164 2.424861e-14
165 5.000000e+00
165 8.847564e-15
165 2.424861e-14
166 5.000000e+00
166 8.847564e-15
166 2.424861e-14
167 5.000000e+00
167 8.847564e-15
167 2.424861e-14
168 5.000000e+00
168 8.847564e-15
168 2.424861e-14
169 5.000000e+00
169 8.847564e-15
169 2.424861e-14
170 5.000000e+00
170 8.847564e-15
170 2.424861e-14
171 5.000000e+00
171 8.847564e-15
171 2.424861e-14
172 5.000000e+00
172 8.847564e-15
172 2.424861e-14
173 5.000000e+00
173 8.847564e-15
173 2.424861e-14
174 5.000000e+00
174 8.847564e-15
174 2.424861e-14
175 5.000000e+00
175 8.847564e-15
175 2.424861e-14
176 5.000000e+00
176 8.847564e-15
176 2.424861e-14
177 5.000000e+00
177 8.847564e-15
177 2.424861e-14
178 5.000000e+00
178 8.847564e-15
178 2.424861e-14
179 5.000000e+00
179 8.847564e-15
179 2.424861e-14
180 5.000000e+00
180 8.847564e-15
180 2.424861e-14
181 5.000000e+00
181 8.847564e-15
181 2.424861e-14
182 5.000000e+00
182 8.847564e-15
182 2.424861e-14
183 5.000000e+00
183 8.847564e-15
183 2.424861e-14
184 5.000000e+00
184 8.847564e-15
184 2.424861e-14
185 5.000000e+00
185 8.847564e-15
185 2.424861e-14
186 5.000000e+00
186 8.847564e-15
186 2.424861e-14
187 5.000000e+00
187 8.847564e-15
187 2.424861e-14
188 5.000000e+00
188 8.847564e-15
188 2.424861e-14
189 5.000000e+00
189 8.847564e-15
189 2.424861e-14
190 5.000000e+00
190 8.847564e-15
190 2.424861e-14
191 5.000000e+00
191 8.847564e-15
191 2.424861e-14
192 5.000000e+00
192 8.847564e-15
192 2.424861e-14
193 5.000000e+00
193 8.847564e-15
193 2.424861e-14
194 5.000000e+00
194 8.847564e-15
194 2.424861e-14
195 5.000000e+00
195 8.847564e-15
195 2.424861e-14
196 5.000000e+00
196 8.847564e-15
196 2.424861e-14
197 5.000000e+00
197 8.847564e-15
197 2.424861e-14
198 5.000000e+00
198 8.847564e-15
198 2.424861e-14
199 5.000000e+00
199 8.847564e-15
199 2.424861e-14
200 5.000000e+00
200 8.847564e-15
200 2.424861e-14
14400.000000
1 5.000000e+00
1 8.847564e-15
1 2.424861e-14
2 5.000000e+00
2 8.847564e-15
2 2.424861e-14
3 5.000000e+00
3 8.847564e-15
3 2.424861e-14
4 5.000000e+00
4 8.847564e-15
4 2.424861e-14
5 5.000000e+00
5 8.847564e-15
5 2.424861e-14
6 5.000000e+00
6 8.847564e-15
6 2.424861e-14
7 5.000000e+00
7 8.847564e-15
7 2.424861e-14
8 5.000000e+00
8 8.847564e-15
8 2.424861e-14
9 5.000000e+00
9 8.847564e-15
9 2.424861e-14
10 5.000000e+00
10 8.847564e-15
10 2.424861e-14
11 5.000000e+00
11 8.847564e-15
11 2.424861e-14
12 5.000000e+00
12 8.847564e-15
12 2.424861e-14
13 5.000000e+00
13 8.847564e-15
13 2.424861e-14
14 5.000000e+00
14 8.847564e-15
14 2.424861e-14
15 5.000000e+00
15 8.847564e-15
15 2.424861e-14
16 5.000000e+00
16 8.847564e-15
16 2.424861e-14
17 5.000000e+00
17 8.847564e-15
17 2.424861e-14
18 5.000000e+00
18 8.847564e-15
18 2.424861e-14
19 5.000000e+00
19 8.847564e-15
19 2.424861e-14
20 5.000000e+00
20 8.847564e-15
20 2.424861e-14
21 5.000000e+00
21 8.847564e-15
21 2.424861e-14
22 5.000000e+00
22 8.847564e-15
22 2.424861e-14
23 5.000000e+00
23 8.847564e-15
23 2.424861e-14
24 5.000000e+00
24 8.847564e-15
24 2.424861e-14
25 5.000000e+00
25 8.847564e-15
25 2.424861e-14
26 5.000000e+00
26 8.847564e-15
26 2.424861e-14
27 5.000000e+00
27 8.847564e-15
27 2.424861e-14
28 5.000000e+00
28 8.847564e-15
28 2.424861e-14
29 5.000000e+00
29 8.847564e-15
29 2.424861e-14
30 5.000000e+00
30 8.847564e-15
30 2.424861e-14
31 5.000000e+00
31 8.847564e-15
31 2.424861e-14
32 5.000000e+00
32 8.847564e-15
32 2.424861e-14
33 5.000000e+00
33 8.847564e-15
33 2.424861e-14
34 5.000000e+00
34 8.847564e-15
34 2.424861e-14
35 5.000000e+00
35 8.847564e-15
35 2.424861e-14
36 5.000000e+00
36 8.847564e-15
36 2.424861e-14
37 5.000000e+00
37 8.847564e-15
37 2.424861e-14
38 5.000000e+00
38 8.847564e-15
38 2.424861e-14
39 5.000000e+00
39 8.847564e-15
39 2.424861e-14
40 5.000000e+00
40 8.847564e-15
40 2.424861e-14
41 5.000000e+00
41 8.847564e-15
41 2.424861e-14
42 5.000000e+00
42 8.847564e-15
42 2.424861e-14
43 5.000000e+00
43 8.847564e-15
43 2.424861e-14
44 5.000000e+00
44 8.847564e-15
44 2.424861e-14
45 5.000000e+00
45 8.847564e-15
45 2.424861e-14
46 5.000000e+00
46 8.847564e-15
46 2.424861e-14
47 5.000000e+00
47 8.847564e-15
47 2.424861e-14
48 5.000000e+00
48 8.847564e-15
48 2.424861e-14
49 5.000000e+00
49 8.847564e-15
49 2.424861e-14
50 5.000000e+00
50 8.847564e-15
50 2.424861e-14
51 5.000000e+00
51 8.847564e-15
51 2.424861e-14
52 5.000000e+00
52 8.847564e-15
52 2.424861e-14
53 5.000000e+00
53 8.847564e-15
53 2.424861e-14
54 5.000000e+00
54 8.847564e-15
54 2.424861e-14
55 5.000000e+00
55 8.847564e-15
55 2.424861e-14
56 5.000000e+00
56 8.847564e-15
56 2.424861e-14
57 5.000000e+00
57 8.847564e-15
57 2.424861e-14
58 5.000000e+00
58 8.847564e-15
58 2.424861e-14
59 5.000000e+00
59 8.847564e-15
59 2.424861e-14
60 5.000000e+00
60 8.847564e-15
60 2.424861e-14
61 5.000000e+00
61 8.847564e-15
61 2.424861e-14
62 5.000000e+00
62 8.847564e-15
62 2.424861e-14
63 5.000000e+00
63 8.847564e-15
63 2.424861e-14
64 5.000000e+00
64 8.847564e-15
64 2.424861e-14
65 5.000000e+00
65 8.847564e-15
65 2.424861e-14
66 5.000000e+00
66 8.847564e-15
66 2.424861e-14
67 5.000000e+00
67 8.847564e-15
67 2.424861e-14
68 5.000000e+00
68 8.847564e-15
68 2.424861e-14
69 5.000000e+00
69 8.847564e-15
69 2.424861e-14
70 5.000000e+00
70 8.847564e-15
70 2.424861e-14
71 5.000000e+00
71 8.847564e-15
71 2.424861e-14
72 5.000000e+00
72 8.847564e-15
72 2.424861e-14
73 5.000000e+00
73 8.847564e-15
73 2.424861e-14
74 5.000000e+00
74 8.847564e-15
74 2.424861e-14
75 5.000000e+00
75 8.847564e-15
75 2.424861e-14
76 5.000000e+00
76 8.847564e-15
76 2.424861e-14
77 5.000000e+00
77 8.847564e-15
77 2.424861e-14
78 5.000000e+00
78 8.847564e-15
78 2.424861e-14
79 5.000000e+00
79 8.847564e-15
79 2.424861e-14
80 5.000000e+00
80 8.847564e-15
80 2.424861e-14
81 5.000000e+00
81 8.847564e-15
81 2.424861e-14
82 5.000000e+00
82 8.847564e-15
82 2.424861e-14
83 5.000000e+00
83 8.847564e-15
83 2.424861e-14
84 5.000000e+00
84 8.847564e-15
84 2.424861e-14
85 5.000000e+00
85 8.847564e-15
85 2.424861e-14
86 5.000000e+00
86 8.847564e-15
86 2.424861e-14
87 5.000000e+00
87 8.847564e-15
87 2.424861e-14
88 5.000000e+00
88 8.847564e-15
88 2.424861e-14
89 5.000000e+00
89 8.847564e-15
89 2.424861e-14
90 5.000000e+00
90 8.847564e-15
90 2.424861e-14
91 5.000000e+00
91 8.847564e-15
91 2.424861e-14
92 5.000000e+00
92 8.847564e-15
92 2.424861e-14
93 5.000000e+00
93 8.847564e-15
93 2.424861e-14
94 5.000000e+00
94 8.847564e-15
94 2.424861e-14
95 5.000000e+00
95 8.847564e-15
95 2.424861e-14
96 5.000000e+00
96 8.847564e-15
96 2.424861e-14
97 5.000000e+00
97 8.847564e-15
97 2.424861e-14
98 5.000000e+00
98 8.847564e-15
98 2.424861e-14
99 5.000000e+00
99 8.847564e-15
99 2.424861e-14
100 5.000000e+00
100 8.847564e-15
100 2.424861e-14
101 5.000000e+00
101 8.847564e-15
101 2.424861e-14
102 5.000000e+00
102 8.847564e-15
102 2.424861e-14
103 5.000000e+00
103 8.847564e-15
103 2.424861e-14
104 5.000000e+00
104 8.847564e-15
104 2.424861e-14
105 5.000000e+00
105 8.847564e-15
105 2.424861e-14
106 5.000000e+00
106 8.847564e-15
106 2.424861e-14
107 5.000000e+00
107 8.847564e-15
107 2.424861e-14
108 5.000000e+00
108 8.847564e-15
108 2.424861e-14
109 5.000000e+00
109 8.847564e-15
109 2.424861e-14
110 5.000000e+00
110 8.847564e-15
110 2.424861e-14
111 5.000000e+00
111 8.847564e-15
111 2.424861e-14
112 5.000000e+00
112 8.847564e-15
112 2.424861e-14
113 5.000000e+00
113 8.847564e-15
113 2.424861e-14
114 5.000000e+00
114 8.847564e-15
114 2.424861e-14
115 5.000000e+00
115 8.847564e-15
115 2.424861e-14
116 5.000000e+00
116 8.847564e-15
116 2.424861e-14
117 5.000000e+00
117 8.847564e-15
117 2.424861e-14
118 5.000000e+00
118 8.847564e-15
118 2.424861e-14
119 5.000000e+00
119 8.847564e-15
119 2.424861e-14
120 5.000000e+00
120 8.847564e-15
120 2.424861e-14
121 5.000000e+00
121 8.847564e-15
121 2.424861e-14
122 5.000000e+00
122 8.847564e-15
122 2.424861e-14
123 5.000000e+00
123 8.847564e-15
123 2.424861e-14
124 5.000000e+00
124 8.847564e-15
124 2.424861e-14
125 5.000000e+00
125 8.847564e-15
125 2.424861e-14
126 5.000000e+00
126 8.847564e-15
126 2.424861e-14
127 5.000000e+00
127 8.847564e-15
127 2.424861e-14
128 5.000000e+00
128 8.847564e-15
128 2.424861e-14
129 5.000000e+00
129 8.847564e-15
129 2.424861e-14
130 5.000000e+00
130 8.847564e-15
130 2.424861e-14
131 5.000000e+00
131 8.847564e-15
131 2.424861e-14
132 5.000000e+00
132 8.847564e-15
132 2.424861e-14
133 5.000000e+00
133 8.847564e-15
133 2.424861e-14
134 5.000000e+00
134 8.847564e-15
134 2.424861e-14
135 5.000000e+00
135 8.847564e-15
135 2.424861e-14
136 5.000000e+00
136 8.847564e-15
136 2.424861e-14
137 5.000000e+00
137 8.847564e-15
137 2.424861e-14
138 5.000000e+00
138 8.847564e-15
138 2.424861e-14
139 5.000000e+00
139 8.847564e-15
139 2.424861e-14
140 5.000000e+00
140 8.847564e-15
140 2.424861e-14
141 5.000000e+00
141 8.847564e-15
141 2.424861e-14
142 5.000000e+00
142 8.847564e-15
142 2.424861e-14
143 5.000000e+00
143 8.847564e-15
143 2.424861e-14
144 5.000000e+00
144 8.847564e-15
144 2.424861e-14
145 5.000000e+00
145 8.847564e-15
145 2.424861e-14
146 5.000000e+00
146 8.847564e-15
146 2.424861e-14
147 5.000000e+00
147 8.847564e-15
147 2.424861e-14
148 5.000000e+00
148 8.847564e-15
148 2.424861e-14
149 5.000000e+00
149 8.847564e-15
149 2.424861e-14
150 5.000000e+00
150 8.847564e-15
150 2.424861e-14
151 5.000000e+00
151 8.847564e-15
151 2.424861e-14
152 5.000000e+00
152 8.847564e-15
152 2.424861e-14
153 5.000000e+00
153 8.847564e-15
153 2.424861e-14
154 5.000000e+00
154 8.847564e-15
154 2.424861e-14
155 5.000000e+00
155 8.847564e-15
155 2.424861e-14
156 5.000000e+00
156 8.847564e-15
156 2.424861e-14
157 5.000000e+00
157 8.847564e-15
157 2.424861e-14
158 5.000000e+00
158 8.847564e-15
158 2.424861e-14
159 5.000000e+00
159 8.847564e-15
159 2.424861e-14
160 5.000000e+00
160 8.847564e-15
160 2.424861e-14
161 5.000000e+00
161 8.847564e-15
161 2.424861e-14
162 5.000000e+00
162 8.847564e-15
162 2.424861e-14
163 5.000000e+00
163 8.847564e-15
163 2.424861e-14
164 5.000000e+00
164 8.847564e-15
164 2.424861e-14
165 5.000000e+00
165 8.847564e-15
165 2.424861e-14
166 5.000000e+00
166 8.847564e-15
166 2.424861e-14
167 5.000000e+00
167 8.847564e-15
167 2.424861e-14
168 5.000000e+00
168 8.847564e-15
168 2.424861e-14
169 5.000000e+00
169 8.847564e-15
169 2.424861e-14
170 5.000000e+00
170 8.847564e-15
170 2.424861e-14
171 5.000000e+00
171 8.847564e-15
171 2.424861e-14
172 5.000000e+00
172 8.847564e-15
172 2.424861e-14
173 5.000000e+00
173 8.847564e-15
173 2.424861e-14
174 5.000000e+00
174 8.847564e-15
174 2.424861e-14
175 5.000000e+00
175 8.847564e-15
175 2.424861e-14
176 5.000000e+00
176 8.847564e-15
176 2.424861e-14
177 5.000000e+00
177 8.847564e-15
177 2.424861e-14
178 5.000000e+00
178 8.847564e-15
178 2.424861e-14
179 5.000000e+00
179 8.847564e-15
179 2.424861e-14
180 5.000000e+00
180 8.847564e-15
180 2.424861e-14
181 5.000000e+00
181 8.847564e-15
181 2.424861e-14
182 5.000000e+00
182 8.847564e-15
182 2.424861e-14
183 5.000000e+00
183 8.847564e-15
183 2.424861e-14
184 5.000000e+00
184 8.847564e-15
184 2.424861e-14
185 5.000000e+00
185 8.847564e-15
185 2.424861e-14
186 5.000000e+00
186 8.847564e-15
186 2.424861e-14
187 5.000000e+00
187 8.847564e-15
187 2.424861e-14
188 5.000000e+00
188 8.847564e-15
188 2.424861e-14
189 5.000000e+00
189 8.847564e-15
189 2.424861e-14
190 5.000000e+00
190 8.847564e-15
190 2.424861e-14
191 5.000000e+00
191 8.847564e-15
191 2.424861e-14
192 5.000000e+00
192 8.847564e-15
192 2.424861e-14
193 5.000000e+00
193 8.847564e-15
193 2.424861e-14
194 5.000000e+00
194 8.847564e-15
194 2.424861e-14
195 5.000000e+00
195 8.847564e-15
195 2.424861e-14
196 5.000000e+00
196 8.847564e-15
196 2.424861e-14
197 5.000000e+00
197 8.847564e-15
197 2.424861e-14
198 5.000000e+00
198 8.847564e-15
198 2.424861e-14
199 5.000000e+00
199 8.847564e-15
199 2.424861e-14
200 5.000000e+00
200 8.847564e-15
200 2.424861e-14
18000.000000
1 5.000000e+00
1 8.847564e-15
1 2.424861e-14
2 5.000000e+00
2 8.847564e-15
2 2.424861e-14
3 5.000000e+00
3 8.847564e-15
3 2.424861e-14
4 5.000000e+00
4 8.847564e-15
4 2.424861e-14
5 5.000000e+00
5 8.847564e-15
5 2.424861e-14
6 5.000000e+00
6 8.847564e-15
6 2.424861e-14
7 5.000000e+00
7 8.847564e-15
7 2.424861e-14
8 5.000000e+00
8 8.847564e-15
8 2.424861e-14
9 5.000000e+00
9 8.847564e-15
9 2.424861e-14
10 5.000000e+00
10 8.847564e-15
10 2.424861e-14
11 5.000000e+00
11 8.847564e-15
11 2.424861e-14
12 5.000000e+00
12 8.847564e-15
12 2.424861e-14
13 5.000000e+00
13 8.847564e-15
13 2.424861e-14
14 5.000000e+00
14 8.847564e-15
14 2.424861e-14
15 5.000000e+00
15 8.847564e-15
15 2.424861e-14
16 5.000000e+00
16 8.847564e-15
16 2.424861e-14
17 5.000000e+00
17 8.847564e-15
17 2.424861e-14
18 5.000000e+00
18 8.847564e-15
18 2.424861e-14
19 5.000000e+00
19 8.847564e-15
19 2.424861e-14
20 5.000000e+00
20 8.847564e-15
20 2.424861e-14
21 5.000000e+00
21 8.847564e-15
21 2.424861e-14
22 5.000000e+00
22 8.847564e-15
22 2.424861e-14
23 5.000000e+00
23 8.847564e-15
23 2.424861e-14
24 5.000000e+00
24 8.847564e-15
24 2.424861e-14
25 5.000000e+00
25 8.847564e-15
25 2.424861e-14
26 5.000000e+00
26 8.847564e-15
26 2.424861e-14
27 5.000000e+00
27 8.847564e-15
27 2.424861e-14
28 5.000000e+00
28 8.847564e-15
28 2.424861e-14
29 5.000000e+00
29 8.847564e-15
29 2.424861e-14
30 5.000000e+00
30 8.847564e-15
30 2.424861e-14
31 5.000000e+00
31 8.847564e-15
31 2.424861e-14
32 5.000000e+00
32 8.847564e-15
32 2.424861e-14
33 5.000000e+00
33 8.847564e-15
33 2.424861e-14
34 5.000000e+00
34 8.847564e-15
34 2.424861e-14
35 5.000000e+00
35 8.847564e-15
35 2.424861e-14
36 5.000000e+00
36 8.847564e-15
36 2.424861e-14
37 5.000000e+00
37 8.847564e-15
37 2.424861e-14
38 5.000000e+00
38 8.847564e-15
38 2.424861e-14
39 5.000000e+00
39 8.847564e-15
39 2.424861e-14
40 5.000000e+00
40 8.847564e-15
40 2.424861e-14
41 5.000000e+00
41 8.847564e-15
41 2.424861e-14
42 5.000000e+00
42 8.847564e-15
42 2.424861e-14
43 5.000000e+00
43 8.847564e-15
43 2.424861e-14
44 5.000000e+00
44 8.847564e-15
44 2.424861e-14
45 5.000000e+00
45 8.847564e-15
45 2.424861e-14
46 5.000000e+00
46 8.847564e-15
46 2.424861e-14
47 5.000000e+00
47 8.847564e-15
47 2.424861e-14
48 5.000000e+00
48 8.847564e-15
48 2.424861e-14
49 5.000000e+00
49 8.847564e-15
49 2.424861e-14
50 5.000000e+00
50 8.847564e-15
50 2.424861e-14
51 5.000000e+00
51 8.847564e-15
51 2.424861e-14
52 5.000000e+00
52 8.847564e-15
52 2.424861e-14
53 5.000000e+00
53 8.847564e-15
53 2.424861e-14
54 5.000000e+00
54 8.847564e-15
54 2.424861e-14
55 5.000000e+00
55 8.847564e-15
55 2.424861e-14
56 5.000000e+00
56 8.847564e-15
56 2.424861e-14
57 5.000000e+00
57 8.847564e-15
57 2.424861e-14
58 5.000000e+00
58 8.847564e-15
58 2.424861e-14
59 5.000000e+00
59 8.847564e-15
59 2.424861e-14
60 5.000000e+00
60 8.847564e-15
60 2.424861e-14
61 5.000000e+00
61 8.847564e-15
61 2.424861e-14
62 5.000000e+00
62 8.847564e-15
62 2.424861e-14
63 5.000000e+00
63 8.847564e-15
63 2.424861e-14
64 5.000000e+00
64 8.847564e-15
64 2.424861e-14
65 5.000000e+00
65 8.847564e-15
65 2.424861e-14
66 5.000000e+00
66 8.847564e-15
66 2.424861e-14
67 5.000000e+00
67 8.847564e-15
67 2.424861e-14
68 5.000000e+00
68 8.847564e-15
68 2.424861e-14
69 5.000000e+00
69 8.847564e-15
69 2.424861e-14
70 5.000000e+00
70 8.847564e-15
70 2.424861e-14
71 5.000000e+00
71 8.847564e-15
71 2.424861e-14
72 5.000000e+00
72 8.847564e-15
72 2.424861e-14
73 5.000000e+00
73 8.847564e-15
73 2.424861e-14
74 5.000000e+00
74 8.847564e-15
74 2.424861e-14
75 5.000000e+00
75 8.847564e-15
75 2.424861e-14
76 5.000000e+00
76 8.847564e-15
76 2.424861e-14
77 5.000000e+00
77 8.847564e-15
77 2.424861e-14
78 5.000000e+00
78 8.847564e-15
78 2.424861e-14
79 5.000000e+00
79 8.847564e-15
79 2.424861e-14
80 5.000000e+00
80 8.847564e-15
80 2.424861e-14
81 5.000000e+00
81 8.847564e-15
81 2.424861e-14
82 5.000000e+00
82 8.847564e-15
82 2.424861e-14
83 5.000000e+00
83 8.847564e-15
83 2.424861e-14
84 5.000000e+00
84 8.847564e-15
84 2.424861e-14
85 5.000000e+00
85 8.847564e-15
85 2.424861e-14
86 5.000000e+00
86 8.847564e-15
86 2.424861e-14
87 5.000000e+00
87 8.847564e-15
87 2.424861e-14
88 5.000000e+00
88 8.847564e-15
88 2.424861e-14
89 5.000000e+00
89 8.847564e-15
89 2.424861e-14
90 5.000000e+00
90 8.847564e-15
90 2.424861e-14
91 5.000000e+00
91 8.847564e-15
91 2.424861e-14
92 5.000000e+00
92 8.847564e-15
92 2.424861e-14
93 5.000000e+00
93 8.847564e-15
93 2.424861e-14
94 5.000000e+00
94 8.847564e-15
94 2.424861e-14
95 5.000000e+00
95 8.847564e-15
95 2.424861e-14
96 5.000000e+00
96 8.847564e-15
96 2.424861e-14
97 5.000000e+00
97 8.847564e-15
97 2.424861e-14
98 5.000000e+00
98 8.847564e-15
98 2.424861e-14
99 5.000000e+00
99 8.847564e-15
99 2.424861e-14
100 5.000000e+00
100 8.847564e-15
100 2.424861e-14
101 5.000000e+00
101 8.847564e-15
101 2.424861e-14
102 5.000000e+00
102 8.847564e-15
102 2.424861e-14
103 5.000000e+00
103 8.847564e-15
103 2.424861e-14
104 5.000000e+00
104 8.847564e-15
104 2.424861e-14
105 5.000000e+00
105 8.847564e-15
105 2.424861e-14
106 5.000000e+00
106 8.847564e-15
106 2.424861e-14
107 5.000000e+00
107 8.847564e-15
107 2.424861e-14
108 5.000000e+00
108 8.847564e-15
108 2.424861e-14
109 5.000000e+00
109 8.847564e-15
109 2.424861e-14
110 5.000000e+00
110 8.847564e-15
110 2.424861e-14
111 5.000000e+00
111 8.847564e-15
111 2.424861e-14
112 5.000000e+00
112 8.847564e-15
112 2.424861e-14
113 5.000000e+00
113 8.847564e-15
113 2.424861e-14
114 5.000000e+00
114 8.847564e-15
114 2.424861e-14
115 5.000000e+00
115 8.847564e-15
115 2.424861e-14
116 5.000000e+00
116 8.847564e-15
116 2.424861e-14
117 5.000000e+00
117 8.847564e-15
117 2.424861e-14
118 5.000000e+00
118 8.847564e-15
118 2.424861e-14
119 5.000000e+00
119 8.847564e-15
119 2.424861e-14
120 5.000000e+00
120 8.847564e-15
120 2.424861e-14
121 5.000000e+00
121 8.847564e-15
121 2.424861e-14
122 5.000000e+00
122 8.847564e-15
122 2.424861e-14
123 5.000000e+00
123 8.847564e-15
123 2.424861e-14
124 5.000000e+00
124 8.847564e-15
124 2.424861e-14
125 5.000000e+00
125 8.847564e-15
125 2.424861e-14
126 5.000000e+00
126 8.847564e-15
126 2.424861e-14
127 5.000000e+00
127 8.847564e-15
127 2.424861e-14
128 5.000000e+00
128 8.847564e-15
128 2.424861e-14
129 5.000000e+00
129 8.847564e-15
129 2.424861e-14
130 5.000000e+00
130 8.847564e-15
130 2.424861e-14
131 5.000000e+00
131 8.847564e-15
131 2.424861e-14
132 5.000000e+00
132 8.847564e-15
132 2.424861e-14
133 5.000000e+00
133 8.847564e-15
133 2.424861e-14
134 5.000000e+00
134 8.847564e-15
134 2.424861e-14
135 5.000000e+00
135 8.847564e-15
135 2.424861e-14
136 5.000000e+00
136 8.847564e-15
136 2.424861e-14
137 5.000000e+00
137 8.847564e-15
137 2.424861e-14
138 5.000000e+00
138 8.847564e-15
138 2.424861e-14
139 5.000000e+00
139 8.847564e-15
139 2.424861e-14
140 5.000000e+00
140 8.847564e-15
140 2.424861e-14
141 5.000000e+00
141 8.847564e-15
141 2.424861e-14
142 5.000000e+00
142 8.847564e-15
142 2.424861e-14
143 5.000000e+00
143 8.847564e-15
143 2.424861e-14
144 5.000000e+00
144 8.847564e-15
144 2.424861e-14
145 5.000000e+00
145 8.847564e-15
145 2.424861e-14
146 5.000000e+00
146 8.847564e-15
146 2.424861e-14
147 5.000000e+00
147 8.847564e-15
147 2.424861e-14
148 5.000000e+00
148 8.847564e-15
148 2.424861e-14
149 5.000000e+00
149 8.847564e-15
149 2.424861e-14
150 5.000000e+00
150 8.847564e-15
150 2.424861e-14
151 5.000000e+00
151 8.847564e-15
151 2.424861e-14
152 5.000000e+00
152 8.847564e-15
152 2.424861e-14
153 5.000000e+00
153 8.847564e-15
153 2.424861e-14
154 5.000000e+00
154 8.847564e-15
154 2.424861e-14
155 5.000000e+00
155 8.847564e-15
155 2.424861e-14
156 5.000000e+00
156 8.847564e-15
156 2.424861e-14
157 5.000000e+00
157 8.847564e-15
157 2.424861e-14
158 5.000000e+00
158 8.847564e-15
158 2.424861e-14
159 5.000000e+00
159 8.847564e-15
159 2.424861e-14
160 5.000000e+00
160 8.847564e-15
160 2.424861e-14
161 5.000000e+00
161 8.847564e-15
161 2.424861e-14
162 5.000000e+00
162 8.847564e-15
162 2.424861e-14
163 5.000000e+00
163 8.847564e-15
163 2.424861e-14
164 5.000000e+00
164 8.847564e-15
164 2.424861e-14
165 5.000000e+00
165 8.847564e-15
165 2.424861e-14
166 5.000000e+00
166 8.847564e-15
166 2.424861e-14
167 5.000000e+00
167 8.847564e-15
167 2.424861e-14
168 5.000000e+00
168 8.847564e-15
168 2.424861e-14
169 5.000000e+00
169 8.847564e-15
169 2.424861e-14
170 5.000000e+00
170 8.847564e-15
170 2.424861e-14
171 5.000000e+00
171 8.847564e-15
171 2.424861e-14
172 5.000000e+00
172 8.847564e-15
172 2.424861e-14
173 5.000000e+00
173 8.847564e-15
173 2.424861e-14
174 5.000000e+00
174 8.847564e-15
174 2.424861e-14
175 5.000000e+00
175 8.847564e-15
175 2.424861e-14
176 5.000000e+00
176 8.847564e-15
176 2.424861e-14
177 5.000000e+00
177 8.847564e-15
177 2.424861e-14
178 5.000000e+00
178 8.847564e-15
178 2.424861e-14
179 5.000000e+00
179 8.847564e-15
179 2.424861e-14
180 5.000000e+00
180 8.847564e-15
180 2.424861e-14
181 5.000000e+00
181 8.847564e-15
181 2.424861e-14
182 5.000000e+00
182 8.847564e-15
182 2.424861e-14
183 5.000000e+00
183 8.847564e-15
183 2.424861e-14
184 5.000000e+00
184 8.847564e-15
184 2.424861e-14
185 5.000000e+00
185 8.847564e-15
185 2.424861e-14
186 5.000000e+00
186 8.847564e-15
186 2.424861e-14
187 5.000000e+00
187 8.847564e-15
187 2.424861e-14
188 5.000000e+00
188 8.847564e-15
188 2.424861e-14
189 5.000000e+00
189 8.847564e-15
189 2.424861e-14
190 5.000000e+00
190 8.847564e-15
190 2.424861e-14
191 5.000000e+00
191 8.847564e-15
191 2.424861e-14
192 5.000000e+00
192 8.847564e-15
192 2.424861e-14
193 5.000000e+00
193 8.847564e-15
193 2.424861e-14
194 5.000000e+00
194 8.847564e-15
194 2.424861e-14
195 5.000000e+00
195 8.847564e-15
195 2.424861e-14
196 5.000000e+00
196 8.847564e-15
196 2.424861e-14
197 5.000000e+00
197 8.847564e-15
197 2.424861e-14
198 5.000000e+00
198 8.847564e-15
198 2.424861e-14
199 5.000000e+00
199 8.847564e-15
199 2.424861e-14
200 5.000000e+00
200 8.847564e-15
200 2.424861e-14
21600.000000
1 5.000000e+00
1 8.847564e-15
1 2.424861e-14
2 5.000000e+00
2 8.847564e-15
2 2.424861e-14
3 5.000000e+00
3 8.847564e-15
3 2.424861e-14
4 5.000000e+00
4 8.847564e-15
4 2.424861e-14
5 5.000000e+00
5 8.847564e-15
5 2.424861e-14
6 5.000000e+00
6 8.847564e-15
6 2.424861e-14
7 5.000000e+00
7 8.847564e-15
7 2.424861e-14
8 5.000000e+00
8 8.847564e-15
8 2.424861e-14
9 5.000000e+00
9 8.847564e-15
9 2.424861e-14
10 5.000000e+00
10 8.847564e-15
10 2.424861e-14
11 5.000000e+00
11 8.847564e-15
11 2.424861e-14
12 5.000000e+00
12 8.847564e-15
12 2.424861e-14
13 5.000000e+00
13 8.847564e-15
13 2.424861e-14
14 5.000000e+00
14 8.847564e-15
14 2.424861e-14
15 5.000000e+00
15 8.847564e-15
15 2.424861e-14
16 5.000000e+00
16 8.847564e-15
16 2.424861e-14
17 5.000000e+00
17 8.847564e-15
17 2.424861e-14
18 5.000000e+00
18 8.847564e-15
18 2.424861e-14
19 5.000000e+00
19 8.847564e-15
19 2.424861e-14
20 5.000000e+00
20 8.847564e-15
20 2.424861e-14
21 5.000000e+00
21 8.847564e-15
21 2.424861e-14
22 5.000000e+00
22 8.847564e-15
22 2.424861e-14
23 5.000000e+00
23 8.847564e-15
23 2.424861e-14
24 5.000000e+00
24 8.847564e-15
24 2.424861e-14
25 5.000000e+00
25 8.847564e-15
25 2.424861e-14
26 5.000000e+00
26 8.847564e-15
26 2.424861e-14
27 5.000000e+00
27 8.847564e-15
27 2.424861e-14
28 5.000000e+00
28 8.847564e-15
28 2.424861e-14
29 5.000000e+00
29 8.847564e-15
29 2.424861e-14
30 5.000000e+00
30 8.847564e-15
30 2.424861e-14
31 5.000000e+00
31 8.847564e-15
31 2.424861e-14
32 5.000000e+00
32 8.847564e-15
32 2.424861e-14
33 5.000000e+00
33 8.847564e-15
33 2.424861e-14
34 5.000000e+00
34 8.847564e-15
34 2.424861e-14
35 5.000000e+00
35 8.847564e-15
35 2.424861e-14
36 5.000000e+00
36 8.847564e-15
36 2.424861e-14
37 5.000000e+00
37 8.847564e-15
37 2.424861e-14
38 5.000000e+00
38 8.847564e-15
38 2.424861e-14
39 5.000000e+00
39 8.847564e-15
39 2.424861e-14
40 5.000000e+00
40 8.847564e-15
40 2.424861e-14
41 5.000000e+00
41 8.847564e-15
41 2.424861e-14
42 5.000000e+00
42 8.847564e-15
42 2.424861e-14
43 5.000000e+00
43 8.847564e-15
43 2.424861e-14
44 5.000000e+00
44 8.847564e-15
44 2.424861e-14
45 5.000000e+00
45 8.847564e-15
45 2.424861e-14
46 5.000000e+00
46 8.847564e-15
46 2.424861e-14
47 5.000000e+00
47 8.847564e-15
47 2.424861e-14
48 5.000000e+00
48 8.847564e-15
48 2.424861e-14
49 5.000000e+00
49 8.847564e-15
49 2.424861e-14
50 5.000000e+00
50 8.847564e-15
50 2.424861e-14
51 5.000000e+00
51 8.847564e-15
51 2.424861e-14
52 5.000000e+00
52 8.847564e-15
52 2.424861e-14
53 5.000000e+00
53 8.847564e-15
53 2.424861e-14
54 5.000000e+00
54 8.847564e-15
54 2.424861e-14
55 5.000000e+00
55 8.847564e-15
55 2.424861e-14
56 5.000000e+00
56 8.847564e-15
56 2.424861e-14
57 5.000000e+00
57 8.847564e-15
57 2.424861e-14
58 5.000000e+00
58 8.847564e-15
58 2.424861e-14
59 5.000000e+00
59 8.847564e-15
59 2.424861e-14
60 5.000000e+00
60 8.847564e-15
60 2.424861e-14
61 5.000000e+00
61 8.847564e-15
61 2.424861e-14
62 5.000000e+00
62 8.847564e-15
62 2.424861e-14
63 5.000000e+00
63 8.847564e-15
63 2.424861e-14
64 5.000000e+00
64 8.847564e-15
64 2.424861e-14
65 5.000000e+00
65 8.847564e-15
65 2.424861e-14
66 5.000000e+00
66 8.847564e-15
66 2.424861e-14
67 5.000000e+00
67 8.847564e-15
67 2.424861e-14
68 5.000000e+00
68 8.847564e-15
68 2.424861e-14
69 5.000000e+00
69 8.847564e-15
69 2.424861e-14
70 5.000000e+00
70 8.847564e-15
70 2.424861e-14
71 5.000000e+00
71 8.847564e-15
71 2.424861e-14
72 5.000000e+00
72 8.847564e-15
72 2.424861e-14
73 5.000000e+00
73 8.847564e-15
73 2.424861e-14
74 5.000000e+00
74 8.847564e-15
74 2.424861e-14
75 5.000000e+00
75 8.847564e-15
75 2.424861e-14
76 5.000000e+00
76 8.847564e-15
76 2.424861e-14
77 5.000000e+00
77 8.847564e-15
77 2.424861e-14
78 5.000000e+00
78 8.847564e-15
78 2.424861e-14
79 5.000000e+00
79 8.847564e-15
79 2.424861e-14
80 5.000000e+00
80 8.847564e-15
80 2.424861e-14
81 5.000000e+00
81 8.847564e-15
81 2.424861e-14
82 5.000000e+00
82 8.847564e-15
82 2.424861e-14
83 5.000000e+00
83 8.847564e-15
83 2.424861e-14
84 5.000000e+00
84 8.847564e-15
84 2.424861e-14
85 5.000000e+00
85 8.847564e-15
85 2.424861e-14
86 5.000000e+00
86 8.847564e-15
86 2.424861e-14
87 5.000000e+00
87 8.847564e-15
87 2.424861e-14
88 5.000000e+00
88 8.847564e-15
88 2.424861e-14
89 5.000000e+00
89 8.847564e-15
89 2.424861e-14
90 5.000000e+00
90 8.847564e-15
90 2.424861e-14
91 5.000000e+00
91 8.847564e-15
91 2.424861e-14
92 5.000000e+00
92 8.847564e-15
92 2.424861e-14
93 5.000000e+00
93 8.847564e-15
93 2.424861e-14
94 5.000000e+00
94 8.847564e-15
94 2.424861e-14
95 5.000000e+00
95 8.847564e-15
95 2.424861e-14
96 5.000000e+00
96 8.847564e-15
96 2.424861e-14
97 5.000000e+00
97 8.847564e-15
97 2.424861e-14
98 5.000000e+00
98 8.847564e-15
98 2.424861e-14
99 5.000000e+00
99 8.847564e-15
99 2.424861e-14
100 5.000000e+00
100 8.847564e-15
100 2.424861e-14
101 5.000000e+00
101 8.847564e-15
101 2.424861e-14
102 5.000000e+00
102 8.847564e-15
102 2.424861e-14
103 5.000000e+00
103 8.847564e-15
103 2.424861e-14
104 5.000000e+00
104 8.847564e-15
104 2.424861e-14
105 5.000000e+00
105 8.847564e-15
105 2.424861e-14
106 5.000000e+00
106 8.847564e-15
106 2.424861e-14
107 5.000000e+00
107 8.847564e-15
107 2.424861e-14
108 5.000000e+00
108 8.847564e-15
108 2.424861e-14
109 5.000000e+00
109 8.847564e-15
109 2.424861e-14
110 5.000000e+00
110 8.847564e-15
110 2.424861e-14
111 5.000000e+00
111 8.847564e-15
111 2.424861e-14
112 5.000000e+00
112 8.847564e-15
112 2.424861e-14
113 5.000000e+00
113 8.847564e-15
113 2.424861e-14
114 5.000000e+00
114 8.847564e-15
114 2.424861e-14
115 5.000000e+00
115 8.847564e-15
115 2.424861e-14
116 5.000000e+00
116 8.847564e-15
116 2.424861e-14
117 5.000000e+00
117 8.847564e-15
117 2.424861e-14
118 5.000000e+00
118 8.847564e-15
118 2.424861e-14
119 5.000000e+00
119 8.847564e-15
119 2.424861e-14
120 5.000000e+00
120 8.847564e-15
120 2.424861e-14
121 5.000000e+00
121 8.847564e-15
121 2.424861e-14
122 5.000000e+00
122 8.847564e-15
122 2.424861e-14
123 5.000000e+00
123 8.847564e-15
123 2.424861e-14
124 5.000000e+00
124 8.847564e-15
124 2.424861e-14
125 5.000000e+00
125 8.847564e-15
125 2.424861e-14
126 5.000000e+00
126 8.847564e-15
126 2.424861e-14
127 5.000000e+00
127 8.847564e-15
127 2.424861e-14
128 5.000000e+00
128 8.847564e-15
128 2.424861e-14
129 5.000000e+00
129 8.847564e-15
129 2.424861e-14
130 5.000000e+00
130 8.847564e-15
130 2.424861e-14
131 5.000000e+00
131 8.847564e-15
131 2.424861e-14
132 5.000000e+00
132 8.847564e-15
132 2.424861e-14
133 5.000000e+00
133 8.847564e-15
133 2.424861e-14
134 5.000000e+00
134 8.847564e-15
134 2.424861e-14
135 5.000000e+00
135 8.847564e-15
135 2.424861e-14
136 5.000000e+00
136 8.847564e-15
136 2.424861e-14
137 5.000000e+00
137 8.847564e-15
137 2.424861e-14
138 5.000000e+00
138 8.847564e-15
138 2.424861e-14
139 5.000000e+00
139 8.847564e-15
139 2.424861e-14
140 5.000000e+00
140 8.847564e-15
140 2.424861e-14
141 5.000000e+00
141 8.847564e-15
141 2.424861e-14
142 5.000000e+00
142 8.847564e-15
142 2.424861e-14
143 5.000000e+00
143 8.847564e-15
143 2.424861e-14
144 5.000000e+00
144 8.847564e-15
144 2.424861e-14
145 5.000000e+00
145 8.847564e-15
145 2.424861e-14
146 5.000000e+00
146 8.847564e-15
146 2.424861e-14
147 5.000000e+00
147 8.847564e-15
147 2.424861e-14
148 5.000000e+00
148 8.847564e-15
148 2.424861e-14
149 5.000000e+00
149 8.847564e-15
149 2.424861e-14
150 5.000000e+00
150 8.847564e-15
150 2.424861e-14
151 5.000000e+00
151 8.847564e-15
151 2.424861e-14
152 5.000000e+00
152 8.847564e-15
152 2.424861e-14
153 5.000000e+00
153 8.847564e-15
153 2.424861e-14
154 5.000000e+00
154 8.847564e-15
154 2.424861e-14
155 5.000000e+00
155 8.847564e-15
155 2.424861e-14
156 5.000000e+00
156 8.847564e-15
156 2.424861e-14
157 5.000000e+00
157 8.847564e-15
157 2.424861e-14
158 5.000000e+00
158 8.847564e-15
158 2.424861e-14
159 5.000000e+00
159 8.847564e-15
159 2.424861e-14
160 5.000000e+00
160 8.847564e-15
160 2.424861e-14
161 5.000000e+00
161 8.847564e-15
161 2.424861e-14
162 5.000000e+00
162 8.847564e-15
162 2.424861e-14
163 5.000000e+00
163 8.847564e-15
163 2.424861e-14
164 5.000000e+00
164 8.847564e-15
164 2.424861e-14
165 5.000000e+00
165 8.847564e-15
165 2.424861e-14
166 5.000000e+00
166 8.847564e-15
166 2.424861e-14
167 5.000000e+00
167 8.847564e-15
167 2.424861e-14
168 5.000000e+00
168 8.847564e-15
168 2.424861e-14
169 5.000000e+00
169 8.847564e-15
169 2.424861e-14
170 5.000000e+00
170 8.847564e-15
170 2.424861e-14
171 5.000000e+00
171 8.847564e-15
171 2.424861e-14
172 5.000000e+00
172 8.847564e-15
172 2.424861e-14
173 5.000000e+00
173 8.847564e-15
173 2.424861e-14
174 5.000000e+00
174 8.847564e-15
174 2.424861e-14
175 5.000000e+00
175 8.847564e-15
175 2.424861e-14
176 5.000000e+00
176 8.847564e-15
176 2.424861e-14
177 5.000000e+00
177 8.847564e-15
177 2.424861e-14
178 5.000000e+00
178 8.847564e-15
178 2.424861e-14
179 5.000000e+00
179 8.847564e-15
179 2.424861e-14
180 5.000000e+00
180 8.847564e-15
180 2.424861e-14
181 5.000000e+00
181 8.847564e-15
181 2.424861e-14
182 5.000000e+00
182 8.847564e-15
182 2.424861e-14
183 5.000000e+00
183 8.847564e-15
183 2.424861e-14
184 5.000000e+00
184 8.847564e-15
184 2.424861e-14
185 5.000000e+00
185 8.847564e-15
185 2.424861e-14
186 5.000000e+00
186 8.847564e-15
186 2.424861e-14
187 5.000000e+00
187 8.847564e-15
187 2.424861e-14
188 5.000000e+00
188 8.847564e-15
188 2.424861e-14
189 5.000000e+00
189 8.847564e-15
189 2.424861e-14
190 5.000000e+00
190 8.847564e-15
190 2.424861e-14
191 5.000000e+00
191 8.847564e-15
191 2.424861e-14
192 5.000000e+00
192 8.847564e-15
192 2.424861e-14
193 5.000000e+00
193 8.847564e-15
193 2.424861e-14
194 5.000000e+00
194 8.847564e-15
194 2.424861e-14
195 5.000000e+00
195 8.847564e-15
195 2.424861e-14
196 5.000000e+00
196 8.847564e-15
196 2.424861e-14
197 5.000000e+00
197 8.847564e-15
197 2.424861e-14
198 5.000000e+00
198 8.847564e-15
198 2.424861e-14
199 5.000000e+00
199 8.847564e-15
199 2.424861e-14
200 5.000000e+00
200 8.847564e-15
200 2.424861e-14
