3600.000000
1 5.059720e-01
1 -1.346920e-01
1 4.922771e-01
2 5.228849e-01
2 3.126172e-01
2 -6.173723e-02
3 4.999915e-01
3 3.261639e-01
3 1.443220e-02
4 5.265214e-01
4 -1.392422e-01
4 -4.935881e-01
5 4.999915e-01
5 -1.702980e-01
5 -4.820297e-01
6 5.265214e-01
6 -1.392422e-01
6 4.935881e-01
7 5.059720e-01
7 -1.787926e-01
7 4.481765e-01
8 4.676201e-01
8 -1.921092e-01
8 4.497995e-01
9 4.676201e-01
9 -1.288452e-01
9 5.130636e-01
10 4.473120e-01
10 -1.751062e-01
10 5.021022e-01
11 4.785762e-01
11 -1.460629e-01
11 -5.138858e-01
12 4.527503e-01
12 -1.856766e-01
12 -4.552521e-01
13 4.473120e-01
13 -1.634980e-01
13 5.137105e-01
14 4.001961e-01
14 -1.645024e-01
14 5.167000e-01
15 5.228849e-01
15 3.126172e-01
15 6.173723e-02
16 4.527503e-01
16 3.204643e-01
16 5.088888e-02
17 4.178096e-01
17 3.254944e-01
17 -7.038764e-02
18 4.001961e-01
18 3.406012e-01
18 1.159640e-02
19 4.277220e-01
19 -1.522350e-01
19 -5.201552e-01
20 4.785762e-01
20 -1.460629e-01
20 5.138858e-01
21 3.983930e-01
21 -1.348114e-01
21 5.156543e-01
22 3.546712e-01
22 3.359306e-01
22 -1.203892e-02
23 4.178096e-01
23 -1.979410e-01
23 4.530478e-01
24 3.983930e-01
24 3.252329e-01
24 5.561006e-02
25 3.705626e-01
25 3.233733e-01
25 -6.939309e-02
26 3.546712e-01
26 -1.619458e-01
26 -5.099153e-01
27 3.818975e-01
27 -1.515391e-01
27 -5.172320e-01
28 4.277220e-01
28 -1.839601e-01
28 -4.884301e-01
29 3.514082e-01
29 3.211338e-01
29 -5.719439e-02
30 3.818975e-01
30 3.343855e-01
30 -3.130739e-02
31 3.705626e-01
31 -1.963832e-01
31 4.503634e-01
32 3.514082e-01
32 -1.319697e-01
32 -5.102979e-01
33 3.284168e-01
33 3.144925e-01
33 -6.798332e-02
34 3.130638e-01
34 3.235882e-01
34 1.260458e-02
35 3.387427e-01
35 -1.475375e-01
35 -5.023264e-01
36 3.130638e-01
36 -1.554918e-01
36 4.916846e-01
37 3.082408e-01
37 -1.836528e-01
37 -4.384029e-01
38 3.387427e-01
38 -1.475375e-01
38 5.023264e-01
39 3.284168e-01
39 -1.912379e-01
39 4.377471e-01
40 3.082408e-01
40 3.110279e-01
40 5.627777e-02
41 2.898559e-01
41 -1.177264e-01
41 4.819445e-01
42 2.743826e-01
42 3.055144e-01
42 1.308351e-02
43 2.990191e-01
43 3.090344e-01
43 2.938486e-02
44 2.743826e-01
44 3.055144e-01
44 -1.308351e-02
45 2.693882e-01
45 2.951249e-01
45 -5.355629e-02
46 2.990191e-01
46 3.090344e-01
46 -2.938486e-02
47 2.898559e-01
47 2.998355e-01
47 6.438265e-02
48 2.693882e-01
48 2.951249e-01
48 5.355629e-02
49 2.546526e-01
49 -1.702630e-01
49 -3.906740e-01
50 2.386950e-01
50 2.829209e-01
50 1.332124e-02
51 2.621636e-01
51 -1.296670e-01
51 -4.465509e-01
52 2.386950e-01
52 2.829209e-01
52 -1.332124e-02
53 2.339238e-01
53 -1.622723e-01
53 -3.874713e-01
54 2.621636e-01
54 2.881090e-01
54 -2.877495e-02
55 2.546526e-01
55 -1.102055e-01
55 -4.507315e-01
56 2.339238e-01
56 -1.125995e-01
56 -4.371440e-01
57 2.222269e-01
57 2.576060e-01
57 -5.512166e-02
58 2.057481e-01
58 -1.220374e-01
58 -3.925369e-01
59 2.280800e-01
59 2.636016e-01
59 2.804750e-02
60 2.057481e-01
60 -1.220374e-01
60 3.925369e-01
61 2.015377e-01
61 -1.482427e-01
61 -3.545606e-01
62 2.280800e-01
62 -1.177771e-01
62 4.094262e-01
63 2.222269e-01
63 2.576060e-01
63 5.512166e-02
64 2.015377e-01
64 2.514016e-01
64 4.508371e-02
65 1.923057e-01
65 2.324390e-01
65 -4.992155e-02
66 1.676334e-01
66 2.091510e-01
66 2.537972e-02
67 1.965854e-01
67 -1.049707e-01
67 -3.687782e-01
68 1.754946e-01
68 2.298847e-01
68 -1.272090e-02
69 1.719293e-01
69 -9.289835e-02
69 3.589550e-01
70 1.965854e-01
70 -1.319037e-01
70 -3.418451e-01
71 1.923057e-01
71 -1.411803e-01
71 3.236977e-01
72 1.719293e-01
72 -9.289835e-02
72 -3.589550e-01
73 1.647282e-01
73 2.060979e-01
73 -4.459035e-02
74 1.479144e-01
74 2.018737e-01
74 1.186334e-02
75 1.754946e-01
75 -1.085819e-01
75 -3.511875e-01
76 1.479144e-01
76 -9.500516e-02
76 3.087422e-01
77 1.449899e-01
77 -1.172961e-01
77 -2.817883e-01
78 1.676334e-01
78 -1.172654e-01
78 -3.010367e-01
79 1.647282e-01
79 2.060979e-01
79 4.459035e-02
80 1.449899e-01
80 -8.224608e-02
80 -3.168383e-01
81 1.394720e-01
81 -7.018039e-02
81 2.890323e-01
82 1.230683e-01
82 1.742442e-01
82 1.072734e-02
83 1.412239e-01
83 -1.024393e-01
83 2.605595e-01
84 1.230683e-01
84 1.742442e-01
84 -1.072734e-02
85 1.207221e-01
85 1.732198e-01
85 -3.005305e-02
86 1.412239e-01
86 -1.024393e-01
86 -2.605595e-01
87 1.394720e-01
87 -1.094260e-01
87 2.497867e-01
88 1.207221e-01
88 -7.158335e-02
88 -2.748562e-01
89 1.165903e-01
89 1.538495e-01
89 -3.400672e-02
90 1.010233e-01
90 -7.864135e-02
90 2.170423e-01
91 1.174279e-01
91 -8.792941e-02
91 2.217168e-01
92 1.010233e-01
92 -6.920047e-02
92 2.264832e-01
93 9.918699e-02
93 1.477896e-01
93 -2.532749e-02
94 1.174279e-01
94 -8.792941e-02
94 -2.217168e-01
95 1.165903e-01
95 1.538495e-01
95 3.400672e-02
96 9.918699e-02
96 -6.123103e-02
96 -2.343481e-01
97 9.614547e-02
97 -5.026895e-02
97 2.088490e-01
98 8.175374e-02
98 -6.572467e-02
98 1.809638e-01
99 9.630998e-02
99 -7.418583e-02
99 1.855140e-01
100 8.175374e-02
100 -6.572467e-02
100 -1.809638e-01
101 8.035766e-02
101 -5.148443e-02
101 1.964261e-01
102 9.630998e-02
102 -5.566408e-02
102 2.040357e-01
103 9.614547e-02
103 -5.026895e-02
103 -2.088490e-01
104 8.035766e-02
104 -7.247083e-02
104 1.754397e-01
105 7.814364e-02
105 1.072855e-01
105 -2.438623e-02
106 6.515506e-02
106 1.012067e-01
106 6.790435e-03
107 7.784777e-02
107 -4.556172e-02
107 -1.686421e-01
108 6.515506e-02
108 -5.399855e-02
108 -1.484148e-01
109 6.412199e-02
109 -4.257515e-02
109 1.618886e-01
110 7.784777e-02
110 1.071019e-01
110 -1.597848e-02
111 7.814364e-02
111 1.072855e-01
111 2.438623e-02
112 6.412199e-02
112 1.022319e-01
112 1.708157e-02
113 6.254126e-02
113 8.737090e-02
113 -2.015117e-02
114 5.109293e-02
114 -4.360813e-02
114 1.197200e-01
115 6.195428e-02
115 -3.669157e-02
115 -1.370702e-01
116 5.109293e-02
116 -3.805595e-02
116 1.252722e-01
117 5.034500e-02
117 -4.827839e-02
117 -1.175500e-01
118 6.195428e-02
118 -5.018933e-02
118 -1.235725e-01
119 6.254126e-02
119 -5.376103e-02
119 1.209808e-01
120 5.034500e-02
120 -3.463582e-02
120 -1.311926e-01
121 4.925659e-02
121 6.996622e-02
121 -1.635484e-02
122 3.940116e-02
122 6.478217e-02
122 4.431395e-03
123 4.850881e-02
123 -2.907250e-02
123 -1.095297e-01
124 3.940116e-02
124 -3.460678e-02
124 -9.495756e-02
125 3.886977e-02
125 -2.771550e-02
125 1.045137e-01
126 4.850881e-02
126 -2.907250e-02
126 1.095297e-01
127 4.925659e-02
127 -4.316053e-02
127 9.677191e-02
128 3.886977e-02
128 -2.771550e-02
128 -1.045137e-01
129 3.815902e-02
129 5.507637e-02
129 -1.302882e-02
130 2.986940e-02
130 -2.352459e-02
130 -7.747881e-02
131 3.734959e-02
131 -2.265848e-02
131 -8.601532e-02
132 2.986940e-02
132 5.050170e-02
132 -3.452527e-03
133 2.949793e-02
133 5.181071e-02
133 -8.198147e-03
134 3.734959e-02
134 5.433690e-02
134 -9.019937e-03
135 3.815902e-02
135 5.507637e-02
135 1.302882e-02
136 2.949793e-02
136 -2.180628e-02
136 -8.181514e-02
137 2.906604e-02
137 4.259657e-02
137 -1.018469e-02
138 2.224920e-02
138 3.866693e-02
138 2.624448e-03
139 2.826824e-02
139 -1.736126e-02
139 -6.635440e-02
140 2.224920e-02
140 -1.802124e-02
140 5.931262e-02
141 2.199113e-02
141 -2.301796e-02
141 -5.673773e-02
142 2.826824e-02
142 -1.736126e-02
142 6.635440e-02
143 2.906604e-02
143 -2.639063e-02
143 5.880251e-02
144 2.199113e-02
144 3.987785e-02
144 6.158070e-03
145 2.175497e-02
145 -1.226473e-02
145 5.241390e-02
146 1.627089e-02
146 2.904993e-02
146 1.943226e-03
147 2.102033e-02
147 3.165511e-02
147 5.524105e-03
148 1.627089e-02
148 2.904993e-02
148 -1.943226e-03
149 1.608689e-02
149 3.011377e-02
149 -4.517697e-03
150 2.102033e-02
150 3.165511e-02
150 -5.524105e-03
151 2.175497e-02
151 3.233931e-02
151 7.809859e-03
152 1.608689e-02
152 3.011377e-02
152 4.517697e-03
153 1.597988e-02
153 -1.496463e-02
153 -3.315171e-02
154 1.166077e-02
154 2.137444e-02
154 1.395245e-03
155 1.534265e-02
155 -9.639641e-03
155 -3.729186e-02
156 1.166077e-02
156 -1.138484e-02
156 -3.136404e-02
157 1.151542e-02
157 -1.274057e-02
157 -3.178338e-02
158 1.534265e-02
158 -1.382611e-02
158 -3.310539e-02
159 1.597988e-02
159 2.405817e-02
159 5.871099e-03
160 1.151542e-02
160 2.226197e-02
160 3.219165e-03
161 1.148700e-02
161 1.746982e-02
161 -4.320671e-03
162 8.153810e-03
162 -7.189306e-03
162 -2.348713e-02
163 1.096912e-02
163 1.699513e-02
163 3.106074e-03
164 8.153810e-03
164 -7.189306e-03
164 2.348713e-02
165 8.011565e-03
165 -9.115325e-03
165 -2.295222e-02
166 1.096912e-02
166 -6.944527e-03
166 2.704573e-02
167 1.148700e-02
167 -1.089525e-02
167 2.404440e-02
168 8.011565e-03
168 -9.115325e-03
168 2.295222e-02
169 8.024250e-03
169 1.227350e-02
169 -3.104023e-03
170 5.498986e-03
170 -5.620183e-03
170 1.564180e-02
171 7.640404e-03
171 -4.840346e-03
171 -1.903233e-02
172 5.498986e-03
172 1.063099e-02
172 -6.093726e-04
173 5.315494e-03
173 -4.875316e-03
173 1.738379e-02
174 7.640404e-03
174 -7.095992e-03
174 -1.677668e-02
175 8.024250e-03
175 -7.688763e-03
175 1.685824e-02
176 5.315494e-03
176 -4.875316e-03
176 -1.738379e-02
177 5.340974e-03
177 8.167299e-03
177 -2.168129e-03
178 3.446859e-03
178 6.947524e-03
178 3.073485e-04
179 5.099481e-03
179 7.984826e-03
179 1.605289e-03
180 3.446859e-03
180 -3.320088e-03
180 1.057496e-02
181 3.165902e-03
181 -3.975548e-03
181 -1.053081e-02
182 5.099481e-03
182 -4.795057e-03
182 -1.117460e-02
183 5.340974e-03
183 8.167299e-03
183 2.168129e-03
184 3.165902e-03
184 -3.277632e-03
184 -1.122873e-02
185 3.154901e-03
185 -1.673425e-03
185 8.048563e-03
186 1.768454e-03
186 3.940397e-03
186 4.567446e-05
187 3.069114e-03
187 -1.863862e-03
187 -7.815265e-03
188 1.768454e-03
188 3.940397e-03
188 -4.567446e-05
189 1.185978e-03
189 4.161787e-03
189 -8.029949e-05
190 3.154901e-03
190 -3.187569e-03
190 6.534418e-03
191 3.069114e-03
191 4.839564e-03
191 -1.111840e-03
192 1.185978e-03
192 -2.040744e-03
192 -6.282831e-03
193 1.230955e-03
193 2.011852e-03
193 -1.073018e-03
194 1.880925e-04
194 -6.252106e-04
194 -1.323687e-03
195 1.182858e-03
195 -1.423168e-03
195 2.758381e-03
196 1.880925e-04
196 -6.252106e-04
196 1.323687e-03
197 -6.891339e-04
197 1.327649e-03
197 1.441771e-04
198 1.230955e-03
198 -1.542435e-03
198 2.481269e-03
199 1.182858e-03
199 -1.423168e-03
199 -2.758381e-03
200 -6.891339e-04
200 -7.359131e-04
200 -1.919385e-03
7200.000000
1 9.344362e-01
1 -2.838669e-01
1 9.749968e-01
2 9.490782e-01
2 6.267256e-01
2 -7.217182e-02
3 9.328793e-01
3 6.375235e-01
3 5.970662e-03
4 9.522569e-01
4 -3.057371e-01
4 -9.546494e-01
5 9.328793e-01
5 -3.217471e-01
5 -9.533000e-01
6 9.522569e-01
6 -3.057371e-01
6 9.546494e-01
7 9.344362e-01
7 -3.455650e-01
7 9.132987e-01
8 9.066657e-01
8 -3.553615e-01
8 9.173005e-01
9 9.066657e-01
9 -2.809695e-01
9 9.916924e-01
10 8.909734e-01
10 -3.274250e-01
10 9.742495e-01
11 9.141518e-01
11 -3.115571e-01
11 -9.739069e-01
12 8.921917e-01
12 -3.524879e-01
12 -9.260692e-01
13 8.909734e-01
13 -3.234122e-01
13 9.782623e-01
14 8.504725e-01
14 -3.283308e-01
14 9.927598e-01
15 9.490782e-01
15 6.267256e-01
15 7.217182e-02
16 8.921917e-01
16 6.392786e-01
16 6.569730e-02
17 8.648615e-01
17 6.460985e-01
17 -8.010980e-02
18 8.504725e-01
18 6.605453e-01
18 3.883718e-03
19 8.722604e-01
19 -3.186789e-01
19 -9.892947e-01
20 9.141518e-01
20 -3.115571e-01
20 9.739069e-01
21 8.475796e-01
21 -2.898567e-01
21 1.009089e+00
22 8.099823e-01
22 6.673303e-01
22 -3.883495e-03
23 8.648615e-01
23 -3.631042e-01
23 9.290929e-01
24 8.475796e-01
24 6.494728e-01
24 6.975940e-02
25 8.229770e-01
25 6.530489e-01
25 -8.184599e-02
26 8.099823e-01
26 -3.317234e-01
26 -1.002937e+00
27 8.321894e-01
27 -3.228652e-01
27 -1.001262e+00
28 8.722604e-01
28 -3.353079e-01
28 -9.726656e-01
29 8.058072e-01
29 6.551807e-01
29 -7.292797e-02
30 8.321894e-01
30 6.620634e-01
30 -1.633298e-02
31 8.229770e-01
31 -3.674474e-01
31 9.386504e-01
32 8.058072e-01
32 -2.911264e-01
32 -1.019235e+00
33 7.830777e-01
33 6.560845e-01
33 -8.364648e-02
34 7.711281e-01
34 6.694601e-01
34 3.924551e-03
35 7.929455e-01
35 -3.254126e-01
35 -1.006514e+00
36 7.711281e-01
36 -3.327678e-01
36 1.006152e+00
37 7.652761e-01
37 -3.661163e-01
37 -9.481701e-01
38 7.929455e-01
38 -3.254126e-01
38 1.006514e+00
39 7.830777e-01
39 -3.698655e-01
39 9.423036e-01
40 7.652761e-01
40 6.571432e-01
40 7.508934e-02
41 7.447335e-01
41 -2.853584e-01
41 1.024491e+00
42 7.335126e-01
42 6.670565e-01
42 4.001140e-03
43 7.551755e-01
43 6.653049e-01
43 1.444601e-02
44 7.335126e-01
44 6.670565e-01
44 -4.001140e-03
45 7.266042e-01
45 6.547095e-01
45 -7.627200e-02
46 7.551755e-01
46 6.653049e-01
46 -1.444601e-02
47 7.447335e-01
47 6.549249e-01
47 8.420814e-02
48 7.266042e-01
48 6.547095e-01
48 7.627200e-02
49 7.080949e-01
49 -3.668056e-01
49 -9.321249e-01
50 6.972117e-01
50 6.600220e-01
50 4.121764e-03
51 7.186559e-01
51 -3.230793e-01
51 -9.969560e-01
52 6.972117e-01
52 6.600220e-01
52 -4.121764e-03
53 6.894658e-01
53 -3.622897e-01
53 -9.337950e-01
54 7.186559e-01
54 6.600177e-01
54 -1.385902e-02
55 7.080949e-01
55 -2.826597e-01
55 -1.016271e+00
56 6.894658e-01
56 -2.857527e-01
56 -1.010332e+00
57 6.729195e-01
57 6.398060e-01
57 -8.339654e-02
58 6.620066e-01
58 -3.221692e-01
58 -9.750418e-01
59 6.833321e-01
59 6.502392e-01
59 1.356006e-02
60 6.620066e-01
60 -3.221692e-01
60 9.750418e-01
61 6.537383e-01
61 -3.565920e-01
61 -9.178516e-01
62 6.833321e-01
62 -3.183396e-01
62 9.821388e-01
63 6.729195e-01
63 6.398060e-01
63 8.339654e-02
64 6.537383e-01
64 6.372218e-01
64 7.596217e-02
65 6.389741e-01
65 6.261415e-01
65 -8.213466e-02
66 6.154137e-01
66 6.183348e-01
66 1.360477e-02
67 6.489927e-01
67 -3.113783e-01
67 -9.610905e-01
68 6.276999e-01
68 6.330938e-01
68 -4.409254e-03
69 6.191183e-01
69 -2.739314e-01
69 9.710499e-01
70 6.489927e-01
70 -3.248561e-01
70 -9.476127e-01
71 6.389741e-01
71 -3.541381e-01
71 8.981450e-01
72 6.191183e-01
72 -2.739314e-01
72 -9.710499e-01
73 6.059361e-01
73 6.087268e-01
73 -8.042983e-02
74 5.940290e-01
74 6.138406e-01
74 4.514890e-03
75 6.276999e-01
75 -3.143423e-01
75 -9.518453e-01
76 5.940290e-01
76 -3.046628e-01
76 9.230183e-01
77 5.852914e-01
77 -3.383539e-01
77 -8.698563e-01
78 6.154137e-01
78 -3.159698e-01
78 -9.206998e-01
79 6.059361e-01
79 6.087268e-01
79 8.042983e-02
80 5.852914e-01
80 -2.657512e-01
80 -9.424591e-01
81 5.734670e-01
81 -2.547380e-01
81 9.209266e-01
82 5.607205e-01
82 5.911927e-01
82 4.552358e-03
83 5.823310e-01
83 -3.053939e-01
83 8.883853e-01
84 5.607205e-01
84 5.911927e-01
84 -4.552358e-03
85 5.519036e-01
85 5.823391e-01
85 -6.993412e-02
86 5.823310e-01
86 -3.053939e-01
86 -8.883853e-01
87 5.734670e-01
87 -3.330943e-01
87 8.425703e-01
88 5.519036e-01
88 -2.562025e-01
88 -9.084757e-01
89 5.412162e-01
89 5.637173e-01
89 -7.594592e-02
90 5.274902e-01
90 -2.849825e-01
90 8.459607e-01
91 5.494709e-01
91 -2.932781e-01
91 8.511839e-01
92 5.274902e-01
92 -2.804891e-01
92 8.504542e-01
93 5.185994e-01
93 5.574450e-01
93 -6.664235e-02
94 5.494709e-01
94 -2.932781e-01
94 -8.511839e-01
95 5.412162e-01
95 5.637173e-01
95 7.594592e-02
96 5.185994e-01
96 -2.454013e-01
96 -8.694887e-01
97 5.088429e-01
97 -2.317029e-01
97 8.415180e-01
98 4.940609e-01
98 -2.706334e-01
98 8.032715e-01
99 5.165568e-01
99 -2.797518e-01
99 8.095516e-01
100 4.940609e-01
100 -2.706334e-01
100 -8.032715e-01
101 4.850308e-01
101 -2.334609e-01
101 8.258260e-01
102 5.165568e-01
102 -2.648999e-01
102 8.244035e-01
103 5.088429e-01
103 -2.317029e-01
103 -8.415180e-01
104 4.850308e-01
104 -2.961825e-01
104 7.631044e-01
105 4.760244e-01
105 5.067021e-01
105 -7.011073e-02
106 4.601692e-01
106 5.058606e-01
106 3.994755e-03
107 4.833212e-01
107 -2.494738e-01
107 -7.793187e-01
108 4.601692e-01
108 -2.549277e-01
108 -7.567935e-01
109 4.508703e-01
109 -2.204867e-01
109 7.777470e-01
110 4.833212e-01
110 5.143963e-01
110 -1.544858e-02
111 4.760244e-01
111 5.067021e-01
111 7.011073e-02
112 4.508703e-01
112 4.991169e-01
112 5.814344e-02
113 4.424629e-01
113 4.741467e-01
113 -6.662371e-02
114 4.255726e-01
114 -2.379478e-01
114 7.068095e-01
115 4.495111e-01
115 -2.327878e-01
115 -7.305393e-01
116 4.255726e-01
116 -2.344308e-01
116 7.103264e-01
117 4.158165e-01
117 -2.594397e-01
117 -6.725932e-01
118 4.495111e-01
118 -2.488757e-01
118 -7.144513e-01
119 4.424629e-01
119 -2.703852e-01
119 6.779082e-01
120 4.158165e-01
120 -2.065767e-01
120 -7.254562e-01
121 4.078869e-01
121 4.390772e-01
121 -6.269182e-02
122 3.900518e-01
122 4.366646e-01
122 2.864145e-03
123 4.148914e-01
123 -2.149385e-01
123 -6.783042e-01
124 3.900518e-01
124 -2.197644e-01
124 -6.535649e-01
125 3.795962e-01
125 -1.918269e-01
125 6.691342e-01
126 4.148914e-01
126 -2.149385e-01
126 6.783042e-01
127 4.078869e-01
127 -2.508845e-01
127 6.272699e-01
128 3.795962e-01
128 -1.918269e-01
128 -6.691342e-01
129 3.720488e-01
129 4.016309e-01
129 -5.826225e-02
130 3.534070e-01
130 -1.984317e-01
130 -5.993335e-01
131 3.792414e-01
131 -1.960196e-01
131 -6.228461e-01
132 3.534070e-01
132 3.988826e-01
132 -2.019283e-03
133 3.419616e-01
133 3.926638e-01
133 -3.998435e-02
134 3.792414e-01
134 4.094329e-01
134 -1.739360e-02
135 3.720488e-01
135 4.016309e-01
135 5.826225e-02
136 3.419616e-01
136 -1.763397e-01
136 -6.089878e-01
137 3.347146e-01
137 3.619854e-01
137 -5.330086e-02
138 3.154533e-01
138 3.592395e-01
138 9.667527e-04
139 3.423473e-01
139 -1.761415e-01
139 -5.644449e-01
140 3.154533e-01
140 -1.791364e-01
140 5.393427e-01
141 3.026767e-01
141 -1.925421e-01
141 -5.130121e-01
142 3.423473e-01
142 -1.761415e-01
142 5.644449e-01
143 3.347146e-01
143 -2.076431e-01
143 5.163276e-01
144 3.026767e-01
144 3.527771e-01
144 3.230717e-02
145 2.956495e-01
145 -1.362948e-01
145 5.045065e-01
146 2.759981e-01
146 3.180332e-01
146 -3.089829e-04
147 3.039851e-01
147 3.294732e-01
147 1.857506e-02
148 2.759981e-01
148 3.180332e-01
148 3.089829e-04
149 2.615176e-01
149 3.111197e-01
149 -2.383580e-02
150 3.039851e-01
150 3.294732e-01
150 -1.857506e-02
151 2.956495e-01
151 3.204006e-01
151 4.781096e-02
152 2.615176e-01
152 3.111197e-01
152 2.383580e-02
153 2.545750e-01
153 -1.595962e-01
153 -3.949269e-01
154 2.348652e-01
154 2.756601e-01
154 -1.783225e-03
155 2.638990e-01
155 -1.341573e-01
155 -4.405710e-01
156 2.348652e-01
156 -1.369384e-01
156 -4.143817e-01
157 2.181728e-01
157 -1.414431e-01
157 -3.948509e-01
158 2.638990e-01
158 -1.532068e-01
158 -4.215215e-01
159 2.545750e-01
159 2.772615e-01
159 4.193086e-02
160 2.181728e-01
160 2.681470e-01
160 1.473922e-02
161 2.111750e-01
161 2.330753e-01
161 -3.588806e-02
162 1.917384e-01
162 -1.180495e-01
162 -3.472614e-01
163 2.217484e-01
163 2.444820e-01
163 1.949054e-02
164 1.917384e-01
164 -1.180495e-01
164 3.472614e-01
165 1.724811e-01
165 -1.149494e-01
165 -3.336566e-01
166 2.217484e-01
166 -1.124957e-01
166 3.764682e-01
167 2.111750e-01
167 -1.344817e-01
167 3.316689e-01
168 1.724811e-01
168 -1.149494e-01
168 3.336566e-01
169 1.648669e-01
169 1.884654e-01
169 -3.082571e-02
170 1.467922e-01
170 -9.218109e-02
170 2.861156e-01
171 1.770981e-01
171 -9.087254e-02
171 -3.119213e-01
172 1.467922e-01
172 1.891483e-01
172 4.786156e-03
173 1.232837e-01
173 -9.161937e-02
173 2.694527e-01
174 1.770981e-01
174 -1.105244e-01
174 -2.922695e-01
175 1.648669e-01
175 -1.096456e-01
175 2.672853e-01
176 1.232837e-01
176 -9.161937e-02
176 -2.694527e-01
177 1.155690e-01
177 1.437150e-01
177 -2.663088e-02
178 9.863841e-02
178 1.452375e-01
178 -5.959631e-03
179 1.291975e-01
179 1.582217e-01
179 2.072544e-02
180 9.863841e-02
180 -7.559858e-02
180 2.148765e-01
181 7.251957e-02
181 -6.434196e-02
181 -2.071101e-01
182 1.291975e-01
182 -8.947356e-02
182 -2.269698e-01
183 1.155690e-01
183 1.437150e-01
183 2.663088e-02
184 7.251957e-02
184 -7.138407e-02
184 -2.000680e-01
185 6.181473e-02
185 -3.397256e-02
185 1.637998e-01
186 5.358583e-02
186 9.431469e-02
186 -2.272395e-03
187 7.774164e-02
187 -4.735466e-02
187 -1.799988e-01
188 5.358583e-02
188 9.431469e-02
188 2.272395e-03
189 1.048189e-02
189 9.454987e-02
189 7.202747e-03
190 6.181473e-02
190 -6.491361e-02
190 1.328587e-01
191 7.774164e-02
191 1.136767e-01
191 -1.896740e-02
192 1.048189e-02
192 -5.087631e-02
192 -1.382234e-01
193 1.489652e-02
193 4.809536e-02
193 -2.356964e-02
194 4.163650e-03
194 -1.594817e-02
194 -3.858616e-02
195 2.497271e-02
195 -4.090900e-02
195 7.564076e-02
196 4.163650e-03
196 -1.594817e-02
196 3.858616e-02
197 -2.749188e-02
197 3.625678e-02
197 -7.884509e-03
198 1.489652e-02
198 -3.583250e-02
198 6.035823e-02
199 2.497271e-02
199 -4.090900e-02
199 -7.564076e-02
200 -2.749188e-02
200 -1.418613e-02
200 -5.832742e-02
10800.000000
1 1.093390e+00
1 -3.283252e-01
1 1.046554e+00
2 1.106150e+00
2 6.844934e-01
2 -4.314707e-02
3 1.099128e+00
3 6.968808e-01
3 -6.501740e-03
4 1.113198e+00
4 -3.449158e-01
4 -1.039337e+00
5 1.099128e+00
5 -3.451895e-01
5 -1.048572e+00
6 1.113198e+00
6 -3.449158e-01
6 1.039337e+00
7 1.093390e+00
7 -3.591144e-01
7 1.015765e+00
8 1.075945e+00
8 -3.674496e-01
8 1.014017e+00
9 1.075945e+00
9 -3.232837e-01
9 1.058183e+00
10 1.067135e+00
10 -3.482331e-01
10 1.061858e+00
11 1.085160e+00
11 -3.479558e-01
11 -1.051427e+00
12 1.060760e+00
12 -3.622747e-01
12 -1.026305e+00
13 1.067135e+00
13 -3.568123e-01
13 1.053279e+00
14 1.033095e+00
14 -3.601929e-01
14 1.061443e+00
15 1.106150e+00
15 6.844934e-01
15 4.314707e-02
16 1.060760e+00
16 6.942899e-01
16 3.025946e-02
17 1.043089e+00
17 6.966620e-01
17 -4.669803e-02
18 1.033095e+00
18 7.108177e-01
18 -9.568124e-03
19 1.051989e+00
19 -3.516633e-01
19 -1.060859e+00
20 1.085160e+00
20 -3.479558e-01
20 1.051427e+00
21 1.023959e+00
21 -3.357717e-01
21 1.065702e+00
22 9.963742e-01
22 7.143469e-01
22 1.058809e-02
23 1.043089e+00
23 -3.716800e-01
23 1.021644e+00
24 1.023959e+00
24 7.007371e-01
24 2.919365e-02
25 1.007227e+00
25 7.002488e-01
25 -4.644102e-02
26 9.963742e-01
26 -3.624675e-01
26 -1.066226e+00
27 1.017222e+00
27 -3.534609e-01
27 -1.067575e+00
28 1.051989e+00
28 -3.545980e-01
28 -1.057925e+00
29 9.860898e-01
29 7.036535e-01
29 -2.724728e-02
30 1.017222e+00
30 7.105181e-01
30 -3.596302e-03
31 1.007227e+00
31 -3.733449e-01
31 1.027153e+00
32 9.860898e-01
32 -3.382031e-01
32 -1.069104e+00
33 9.697380e-01
33 7.005552e-01
33 -4.592758e-02
34 9.581356e-01
34 7.142940e-01
34 -1.167962e-02
35 9.803919e-01
35 -3.540274e-01
35 -1.069169e+00
36 9.581356e-01
36 -3.629868e-01
36 1.065601e+00
37 9.462698e-01
37 -3.638491e-01
37 -1.042666e+00
38 9.803919e-01
38 -3.540274e-01
38 1.069169e+00
39 9.697380e-01
39 -3.732414e-01
39 1.027869e+00
40 9.462698e-01
40 7.032576e-01
40 2.444053e-02
41 9.305392e-01
41 -3.263847e-01
41 1.067926e+00
42 9.183274e-01
42 7.104398e-01
42 -1.280936e-02
43 9.420542e-01
43 7.089869e-01
43 3.640921e-03
44 9.183274e-01
44 7.104398e-01
44 1.280936e-02
45 9.050497e-01
45 6.989215e-01
45 -2.084752e-02
46 9.420542e-01
46 7.089869e-01
46 -3.640921e-03
47 9.305392e-01
47 6.971555e-01
47 4.438604e-02
48 9.050497e-01
48 6.989215e-01
48 2.084752e-02
49 8.899583e-01
49 -3.659691e-01
49 -1.013541e+00
50 8.772056e-01
50 7.024500e-01
50 -1.391735e-02
51 9.022545e-01
51 -3.493378e-01
51 -1.055386e+00
52 8.772056e-01
52 7.024500e-01
52 1.391735e-02
53 8.624712e-01
53 -3.535313e-01
53 -1.027541e+00
54 9.022545e-01
54 7.023617e-01
54 -3.686207e-03
55 8.899583e-01
55 -3.237860e-01
55 -1.055724e+00
56 8.624712e-01
56 -3.370049e-01
56 -1.044068e+00
57 8.481133e-01
57 6.782305e-01
57 -3.926773e-02
58 8.348661e-01
58 -3.526017e-01
58 -1.027895e+00
59 8.611643e-01
59 6.915626e-01
59 3.845311e-03
60 8.348661e-01
60 -3.526017e-01
60 1.027895e+00
61 8.187383e-01
61 -3.447656e-01
61 -1.011209e+00
62 8.611643e-01
62 -3.438586e-01
62 1.039267e+00
63 8.481133e-01
63 6.782305e-01
63 3.926773e-02
64 8.187383e-01
64 6.779872e-01
64 1.154405e-02
65 8.051439e-01
65 6.625756e-01
65 -3.574573e-02
66 7.754866e-01
66 6.574775e-01
66 4.605740e-03
67 8.188764e-01
67 -3.362166e-01
67 -1.016920e+00
68 7.914290e-01
68 6.738525e-01
68 1.588002e-02
69 7.739683e-01
69 -3.276667e-01
69 9.949674e-01
70 8.188764e-01
70 -3.403516e-01
70 -1.012785e+00
71 8.051439e-01
71 -3.491606e-01
71 9.759905e-01
72 7.739683e-01
72 -3.276667e-01
72 -9.949674e-01
73 7.611374e-01
73 6.428929e-01
73 -3.168562e-02
74 7.469821e-01
74 6.534070e-01
74 -1.665677e-02
75 7.914290e-01
75 -3.448663e-01
75 -1.002839e+00
76 7.469821e-01
76 -3.350319e-01
76 9.717822e-01
77 7.282764e-01
77 -3.202984e-01
77 -9.610009e-01
78 7.754866e-01
78 -3.310416e-01
78 -9.839134e-01
79 7.611374e-01
79 6.428929e-01
79 3.168562e-02
80 7.282764e-01
80 -3.203513e-01
80 -9.609480e-01
81 7.161645e-01
81 -2.960934e-01
81 9.426551e-01
82 7.016066e-01
82 6.291460e-01
82 -1.725692e-02
83 7.310712e-01
83 -3.198855e-01
83 9.490977e-01
84 7.016066e-01
84 6.291460e-01
84 1.725692e-02
85 6.817467e-01
85 6.161985e-01
85 6.448534e-03
86 7.310712e-01
86 -3.198855e-01
86 -9.490977e-01
87 7.161645e-01
87 -3.232808e-01
87 9.154677e-01
88 6.817467e-01
88 -3.113235e-01
88 -9.210735e-01
89 6.702741e-01
89 5.922868e-01
89 -2.235464e-02
90 6.553709e-01
90 -2.918620e-01
90 9.109039e-01
91 6.856992e-01
91 -3.070343e-01
91 9.087563e-01
92 6.553709e-01
92 -3.095209e-01
92 8.932450e-01
93 6.344449e-01
93 5.882471e-01
93 1.307727e-02
94 6.856992e-01
94 -3.070343e-01
94 -9.087563e-01
95 6.702741e-01
95 5.922868e-01
95 2.235464e-02
96 6.344449e-01
96 -3.006622e-01
96 -8.758321e-01
97 6.235019e-01
97 -2.723307e-01
97 8.515894e-01
98 6.083335e-01
98 -2.763225e-01
98 8.646641e-01
99 6.394293e-01
99 -2.926678e-01
99 8.634158e-01
100 6.083335e-01
100 -2.763225e-01
100 -8.646641e-01
101 5.864163e-01
101 -2.884748e-01
101 8.258047e-01
102 6.394293e-01
102 -2.853740e-01
102 8.707095e-01
103 6.235019e-01
103 -2.723307e-01
103 -8.515894e-01
104 5.864163e-01
104 -2.686650e-01
104 8.456146e-01
105 5.758697e-01
105 5.287743e-01
105 -1.213319e-02
106 5.605403e-01
106 5.369030e-01
106 -1.781813e-02
107 5.923105e-01
107 -2.683490e-01
107 -8.223278e-01
108 5.605403e-01
108 -2.595424e-01
108 -8.142635e-01
109 5.376876e-01
109 -2.748937e-01
109 7.716463e-01
110 5.923105e-01
110 5.453384e-01
110 -8.640350e-03
111 5.758697e-01
111 5.287743e-01
111 1.213319e-02
112 5.376876e-01
112 5.232700e-01
112 -2.651736e-02
113 5.273849e-01
113 4.931510e-01
113 -6.975498e-03
114 5.120214e-01
114 -2.417545e-01
114 7.604033e-01
115 5.443791e-01
115 -2.500158e-01
115 -7.704574e-01
116 5.120214e-01
116 -2.593244e-01
116 7.428333e-01
117 4.882659e-01
117 -2.270004e-01
117 -7.471383e-01
118 5.443791e-01
118 -2.602208e-01
118 -7.602524e-01
119 5.273849e-01
119 -2.500633e-01
119 7.362388e-01
120 4.882659e-01
120 -2.600690e-01
120 -7.140697e-01
121 4.780338e-01
121 4.555417e-01
121 -1.956270e-03
122 4.627902e-01
122 4.635200e-01
122 -1.711259e-02
123 4.956559e-01
123 -2.306272e-01
123 -7.158192e-01
124 4.627902e-01
124 -2.232037e-01
124 -7.038363e-01
125 4.381314e-01
125 -2.441574e-01
125 6.538336e-01
126 4.956559e-01
126 -2.306272e-01
126 7.158192e-01
127 4.780338e-01
127 -2.287490e-01
127 6.823343e-01
128 4.381314e-01
128 -2.441574e-01
128 -6.538336e-01
129 4.277748e-01
129 4.164119e-01
129 2.770716e-03
130 4.128354e-01
130 -2.206085e-01
130 -6.288917e-01
131 4.461432e-01
131 -2.104541e-01
131 -6.591683e-01
132 4.128354e-01
132 4.247501e-01
132 1.646691e-02
133 3.872456e-01
133 4.095039e-01
133 4.508000e-02
134 4.461432e-01
134 4.348112e-01
134 -1.390303e-02
135 4.277748e-01
135 4.164119e-01
135 -2.770716e-03
136 3.872456e-01
136 -2.272919e-01
136 -5.917158e-01
137 3.765199e-01
137 3.762187e-01
137 6.965244e-03
138 3.621500e-01
138 3.852800e-01
138 -1.564722e-02
139 3.958241e-01
139 -1.897919e-01
139 -6.012586e-01
140 3.621500e-01
140 -2.004636e-01
140 5.700963e-01
141 3.354973e-01
141 -1.594793e-01
141 -5.786003e-01
142 3.958241e-01
142 -1.897919e-01
142 6.012586e-01
143 3.765199e-01
143 -1.846267e-01
143 5.678107e-01
144 3.354973e-01
144 3.690398e-01
144 -5.008119e-02
145 3.241468e-01
145 -1.728502e-01
145 4.978662e-01
146 3.106662e-01
146 3.455911e-01
146 -1.469790e-02
147 3.446611e-01
147 3.558611e-01
147 1.803836e-02
148 3.106662e-01
148 3.455911e-01
148 1.469790e-02
149 2.828403e-01
149 3.279034e-01
149 5.384976e-02
150 3.446611e-01
150 3.558611e-01
150 -1.803836e-02
151 3.241468e-01
151 3.353582e-01
151 -1.034225e-02
152 2.828403e-01
152 3.279034e-01
152 -5.384976e-02
153 2.704285e-01
153 -1.409616e-01
153 -4.472795e-01
154 2.585426e-01
154 3.058733e-01
154 -1.350431e-02
155 2.925994e-01
155 -1.481285e-01
155 -4.843060e-01
156 2.585426e-01
156 -1.461845e-01
156 -4.655622e-01
157 2.288191e-01
157 -1.153421e-01
157 -4.575339e-01
158 2.925994e-01
158 -1.680888e-01
158 -4.643457e-01
159 2.704285e-01
159 2.941206e-01
159 -1.219731e-02
160 2.288191e-01
160 2.864380e-01
160 -5.575383e-02
161 2.153031e-01
161 2.524903e-01
161 1.230396e-02
162 2.054200e-01
162 -1.391789e-01
162 -3.931591e-01
163 2.395504e-01
163 2.766767e-01
163 2.198731e-02
164 2.054200e-01
164 -1.391789e-01
164 3.931591e-01
165 1.740355e-01
165 -9.482208e-02
165 -3.933912e-01
166 2.395504e-01
166 -1.273447e-01
166 4.260088e-01
167 2.153031e-01
167 -1.200932e-01
167 3.848875e-01
168 1.740355e-01
168 -9.482208e-02
168 3.933912e-01
169 1.583020e-01
169 2.102589e-01
169 7.914558e-03
170 1.530142e-01
170 -1.075544e-01
170 3.415758e-01
171 1.853908e-01
171 -1.069236e-01
171 -3.666716e-01
172 1.530142e-01
172 2.245651e-01
172 9.456239e-03
173 1.156822e-01
173 -1.256146e-01
173 2.782865e-01
174 1.853908e-01
174 -1.298740e-01
174 -3.437212e-01
175 1.583020e-01
175 -1.011722e-01
175 3.193457e-01
176 1.156822e-01
176 -1.256146e-01
176 -2.782865e-01
177 1.010965e-01
177 1.659371e-01
177 3.225991e-03
178 9.775639e-02
178 1.800859e-01
178 -6.811547e-03
179 1.299212e-01
179 1.945098e-01
179 2.683209e-02
180 9.775639e-02
180 -9.344871e-02
180 2.667230e-01
181 6.152221e-02
181 -5.916422e-02
181 -2.501587e-01
182 1.299212e-01
182 -1.106710e-01
182 -2.783487e-01
183 1.010965e-01
183 1.659371e-01
183 -3.225991e-03
184 6.152221e-02
184 -9.549724e-02
184 -2.138257e-01
185 4.224583e-02
185 -5.051831e-02
185 1.871114e-01
186 5.510477e-02
186 1.182952e-01
186 5.049162e-03
187 7.338965e-02
187 -6.143730e-02
187 -2.303127e-01
188 5.510477e-02
188 1.182952e-01
188 -5.049162e-03
189 -1.121895e-02
189 1.141601e-01
189 2.198259e-02
190 4.224583e-02
190 -6.829657e-02
190 1.693332e-01
191 7.338965e-02
191 1.458750e-01
191 -2.300039e-02
192 -1.121895e-02
192 -6.807137e-02
192 -1.602489e-01
193 3.276565e-03
193 5.864451e-02
193 -1.487203e-03
194 -1.281243e-03
194 -1.765124e-02
194 -5.595303e-02
195 2.125665e-02
195 -5.759896e-02
195 9.398210e-02
196 -1.281243e-03
196 -1.765124e-02
196 5.595303e-02
197 -2.602661e-02
197 3.793653e-02
197 -6.163410e-03
198 3.276565e-03
198 -3.006586e-02
198 8.722316e-02
199 2.125665e-02
199 -5.759896e-02
199 -9.398210e-02
200 -2.602661e-02
200 -1.588656e-02
200 -5.998650e-02
14400.000000
1 7.311758e-01
1 -1.695139e-01
1 3.261495e-01
2 7.436253e-01
2 2.405818e-01
2 6.178308e-02
3 7.509344e-01
3 2.665386e-01
3 -2.403734e-02
4 7.635068e-01
4 -1.316839e-01
4 -3.887882e-01
5 7.509344e-01
5 -1.212506e-01
5 -4.118266e-01
6 7.635068e-01
6 -1.316839e-01
6 3.887882e-01
7 7.311758e-01
7 -7.831780e-02
7 4.173456e-01
8 7.225053e-01
8 -9.614924e-02
8 4.103466e-01
9 7.225053e-01
9 -1.570987e-01
9 3.493972e-01
10 7.279741e-01
10 -1.266592e-01
10 4.273532e-01
11 7.401020e-01
11 -1.373891e-01
11 -4.056911e-01
12 7.079917e-01
12 -8.382138e-02
12 -4.368034e-01
13 7.279741e-01
13 -1.503470e-01
13 4.036654e-01
14 7.027401e-01
14 -1.552745e-01
14 4.188640e-01
15 7.436253e-01
15 2.405818e-01
15 -6.178308e-02
16 7.079917e-01
16 2.603124e-01
16 -9.266961e-02
17 6.989813e-01
17 2.642833e-01
17 6.188052e-02
18 7.027401e-01
18 2.870693e-01
18 -2.347983e-02
19 7.163344e-01
19 -1.415010e-01
19 -4.218526e-01
20 7.401020e-01
20 -1.373891e-01
20 4.056911e-01
21 6.839001e-01
21 -1.825432e-01
21 3.592030e-01
22 6.760020e-01
22 2.960652e-01
22 2.311304e-02
23 6.989813e-01
23 -1.012014e-01
23 4.273652e-01
24 6.839001e-01
24 2.708731e-01
24 -9.421325e-02
25 6.739488e-01
25 2.742042e-01
25 6.199311e-02
26 6.760020e-01
26 -1.595891e-01
26 -4.325412e-01
27 6.905440e-01
27 -1.454510e-01
27 -4.363975e-01
28 7.163344e-01
28 -1.401758e-01
28 -4.231778e-01
29 6.577385e-01
29 2.805399e-01
29 9.553224e-02
30 6.905440e-01
30 2.909243e-01
30 -2.220093e-05
31 6.739488e-01
31 -1.061056e-01
31 4.423029e-01
32 6.577385e-01
32 -1.880361e-01
32 -3.730438e-01
33 6.471438e-01
33 2.829618e-01
33 6.224514e-02
34 6.477399e-01
34 3.039750e-01
34 -2.255616e-02
35 6.632666e-01
35 -1.487577e-01
35 -4.495153e-01
36 6.477399e-01
36 -1.632656e-01
36 4.446844e-01
37 6.300314e-01
37 -9.611285e-02
37 -4.816636e-01
38 6.632666e-01
38 -1.487577e-01
38 4.495153e-01
39 6.471438e-01
39 -1.103583e-01
39 4.555653e-01
40 6.300314e-01
40 2.888882e-01
40 -9.666251e-02
41 6.188685e-01
41 -1.763792e-01
41 4.042216e-01
42 6.182119e-01
42 3.105102e-01
42 -2.183944e-02
43 6.346333e-01
43 3.060770e-01
43 3.267660e-03
44 6.182119e-01
44 3.105102e-01
44 2.183944e-02
45 6.009595e-01
45 2.957031e-01
45 9.757763e-02
46 6.346333e-01
46 3.060770e-01
46 -3.267660e-03
47 6.188685e-01
47 2.903004e-01
47 -6.245795e-02
48 6.009595e-01
48 2.957031e-01
48 -9.757763e-02
49 5.893339e-01
49 -1.166774e-01
49 -4.752816e-01
50 5.876419e-01
50 3.154190e-01
50 -2.097594e-02
51 6.048676e-01
51 -1.532684e-01
51 -4.697117e-01
52 5.876419e-01
52 3.154190e-01
52 2.097594e-02
53 5.707293e-01
53 -1.012449e-01
53 -5.002715e-01
54 6.048676e-01
54 3.114900e-01
54 -4.953289e-03
55 5.893339e-01
55 -1.793021e-01
55 -4.126569e-01
56 5.707293e-01
56 -1.995133e-01
56 -4.020031e-01
57 5.587516e-01
57 2.997834e-01
57 6.273750e-02
58 5.562263e-01
58 -1.692380e-01
58 -4.677475e-01
59 5.741746e-01
59 3.151498e-01
59 6.673394e-03
60 5.562263e-01
60 -1.692380e-01
60 4.677475e-01
61 5.395488e-01
61 -1.025634e-01
61 -5.051454e-01
62 5.741746e-01
62 -1.542382e-01
62 4.760614e-01
63 5.587516e-01
63 2.997834e-01
63 -6.273750e-02
64 5.395488e-01
64 3.038544e-01
64 -9.872765e-02
65 5.273211e-01
65 3.015425e-01
65 6.277107e-02
66 5.107096e-01
66 3.165339e-01
66 1.015839e-02
67 5.427348e-01
67 -1.542318e-01
67 -4.795157e-01
68 5.241483e-01
68 3.195652e-01
68 1.887762e-02
69 5.075951e-01
69 -2.019026e-01
69 4.077972e-01
70 5.427348e-01
70 -1.626419e-01
70 -4.711056e-01
71 5.273211e-01
71 -1.193857e-01
71 4.836992e-01
72 5.075951e-01
72 -2.019026e-01
72 -4.077972e-01
73 4.952123e-01
73 3.011410e-01
73 6.271455e-02
74 4.915597e-01
74 3.185313e-01
74 -1.767769e-02
75 5.241483e-01
75 -1.692214e-01
75 -4.699090e-01
76 4.915597e-01
76 -1.681045e-01
76 4.689582e-01
77 4.750295e-01
77 -1.023488e-01
77 -5.049537e-01
78 5.107096e-01
78 -1.633462e-01
78 -4.697217e-01
79 4.952123e-01
79 3.011410e-01
79 -6.271455e-02
80 4.750295e-01
80 -2.013024e-01
80 -4.060000e-01
81 4.625692e-01
81 -1.805344e-01
81 4.165044e-01
82 4.585869e-01
82 3.153441e-01
82 -1.640288e-02
83 4.782319e-01
83 -1.629838e-01
83 4.651376e-01
84 4.585869e-01
84 3.153441e-01
84 1.640288e-02
85 4.419839e-01
85 3.002218e-01
85 9.872364e-02
86 4.782319e-01
86 -1.629838e-01
86 -4.651376e-01
87 4.625692e-01
87 -1.179850e-01
87 4.790538e-01
88 4.419839e-01
88 -1.994727e-01
88 -4.009709e-01
89 4.295036e-01
89 2.936739e-01
89 6.225604e-02
90 4.253271e-01
90 -1.474715e-01
90 4.725619e-01
91 4.454084e-01
91 -1.615447e-01
91 4.573434e-01
92 4.253271e-01
92 -1.625452e-01
92 4.574883e-01
93 4.085635e-01
93 2.945775e-01
93 9.826049e-02
94 4.454084e-01
94 -1.615447e-01
94 -4.573434e-01
95 4.295036e-01
95 2.936739e-01
95 -6.225604e-02
96 4.085635e-01
96 -1.964190e-01
96 -3.927360e-01
97 3.960965e-01
97 -1.742301e-01
97 3.990759e-01
98 3.918509e-01
98 -1.444538e-01
98 4.607842e-01
99 4.123190e-01
99 -1.590457e-01
99 4.464177e-01
100 3.918509e-01
100 -1.444538e-01
100 -4.607842e-01
101 3.748449e-01
101 -1.921654e-01
101 3.813992e-01
102 4.123190e-01
102 -1.436860e-01
102 4.617775e-01
103 3.960965e-01
103 -1.742301e-01
103 -3.990759e-01
104 3.748449e-01
104 -9.461690e-02
104 4.789477e-01
105 3.623969e-01
105 2.775506e-01
105 6.116369e-02
106 3.582056e-01
106 2.932713e-01
106 -1.233842e-02
107 3.790202e-01
107 -1.384966e-01
107 -4.495520e-01
108 3.582056e-01
108 -1.404665e-01
108 -4.460762e-01
109 3.408776e-01
109 -1.867465e-01
109 3.671325e-01
110 3.790202e-01
110 2.940243e-01
110 -1.703107e-02
111 3.623969e-01
111 2.775506e-01
111 -6.116369e-02
112 3.408776e-01
112 2.769395e-01
112 -9.655355e-02
113 3.284243e-01
113 2.664941e-01
113 6.026781e-02
114 3.244186e-01
114 -1.355786e-01
114 4.286936e-01
115 3.455491e-01
115 -1.324167e-01
115 -4.345177e-01
116 3.244186e-01
116 -1.465575e-01
116 4.177146e-01
117 3.066881e-01
117 -8.498272e-02
117 -4.453702e-01
118 3.455491e-01
118 -1.510505e-01
118 -4.158839e-01
119 3.284243e-01
119 -1.031131e-01
119 4.298750e-01
120 3.066881e-01
120 -1.801937e-01
120 -3.501591e-01
121 2.941687e-01
121 2.536281e-01
121 5.902579e-02
122 2.905102e-01
122 2.693987e-01
122 -9.656917e-03
123 3.119298e-01
123 -1.255552e-01
123 -4.169206e-01
124 2.905102e-01
124 -1.298709e-01
124 -4.089266e-01
125 2.722743e-01
125 -1.725204e-01
125 3.307388e-01
126 3.119298e-01
126 -1.255552e-01
126 4.169206e-01
127 2.941687e-01
127 -9.730116e-02
127 4.099551e-01
128 2.722743e-01
128 -1.725204e-01
128 -3.307388e-01
129 2.595980e-01
129 2.390896e-01
129 5.730877e-02
130 2.564901e-01
130 -1.318265e-01
130 -3.786730e-01
131 2.781809e-01
131 -1.180306e-01
131 -3.970202e-01
132 2.564901e-01
132 2.552498e-01
132 8.403266e-03
133 2.376344e-01
133 2.364045e-01
133 9.096967e-02
134 2.781809e-01
134 2.575254e-01
134 -2.146419e-02
135 2.595980e-01
135 2.390896e-01
135 -5.730877e-02
136 2.376344e-01
136 -1.636871e-01
136 -3.091219e-01
137 2.246538e-01
137 2.229808e-01
137 5.488020e-02
138 2.224159e-01
138 2.398188e-01
138 -7.224702e-03
139 2.443230e-01
139 -1.099750e-01
139 -3.750249e-01
140 2.224159e-01
140 -1.235218e-01
140 3.561159e-01
141 2.026938e-01
141 -6.598262e-02
141 -3.731928e-01
142 2.443230e-01
142 -1.099750e-01
142 3.750249e-01
143 2.246538e-01
143 -8.405030e-02
143 3.619113e-01
144 2.026938e-01
144 2.195877e-01
144 -8.762246e-02
145 1.893019e-01
145 -1.284246e-01
145 2.822062e-01
146 1.882864e-01
146 2.231668e-01
146 -6.161199e-03
147 2.103861e-01
147 2.262531e-01
147 2.335794e-02
148 1.882864e-01
148 2.231668e-01
148 6.161199e-03
149 1.675406e-01
149 2.010820e-01
149 8.293746e-02
150 2.103861e-01
150 2.262531e-01
150 -2.335794e-02
151 1.893019e-01
151 2.053154e-01
151 -5.153385e-02
152 1.675406e-01
152 2.010820e-01
152 -8.293746e-02
153 1.534661e-01
153 -6.968945e-02
153 -3.023338e-01
154 1.544355e-01
154 2.049738e-01
154 -5.033912e-03
155 1.764068e-01
155 -9.254740e-02
155 -3.249152e-01
156 1.544355e-01
156 -9.996993e-02
156 -3.099776e-01
157 1.317757e-01
157 -5.222773e-02
157 -3.096729e-01
158 1.764068e-01
158 -1.161839e-01
158 -3.012787e-01
159 1.534661e-01
159 1.860116e-01
159 -4.663273e-02
160 1.317757e-01
160 1.809503e-01
160 -7.649484e-02
161 1.173891e-01
161 1.647165e-01
161 4.047105e-02
162 1.204949e-01
162 -9.444056e-02
162 -2.753372e-01
163 1.424288e-01
163 1.895319e-01
163 2.389734e-02
164 1.204949e-01
164 -9.444056e-02
164 2.753372e-01
165 9.647704e-02
165 -4.545702e-02
165 -2.711243e-01
166 1.424288e-01
166 -8.281728e-02
166 2.962465e-01
167 1.173891e-01
167 -6.212273e-02
167 2.673103e-01
168 9.647704e-02
168 -4.545702e-02
168 2.711243e-01
169 8.092293e-02
169 1.411027e-01
169 3.051587e-02
170 8.853780e-02
170 -7.950601e-02
170 2.416871e-01
171 1.084335e-01
171 -7.249699e-02
171 -2.631908e-01
172 8.853780e-02
172 1.605966e-01
172 1.584535e-03
173 5.867315e-02
173 -9.513507e-02
173 1.737107e-01
174 1.084335e-01
174 -9.534688e-02
174 -2.403409e-01
175 8.092293e-02
175 -5.529340e-02
175 2.269119e-01
176 5.867315e-02
176 -9.513507e-02
176 -1.737107e-01
177 4.625955e-02
177 1.137747e-01
177 2.286578e-02
178 5.428878e-02
178 1.318310e-01
178 2.597848e-04
179 7.445470e-02
179 1.415312e-01
179 2.535135e-02
180 5.428878e-02
180 -6.578560e-02
180 1.978764e-01
181 2.759215e-02
181 -3.224381e-02
181 -1.752689e-01
182 7.445470e-02
182 -8.344126e-02
182 -1.996211e-01
183 4.625955e-02
183 1.137747e-01
183 -2.286578e-02
184 2.759215e-02
184 -7.151256e-02
184 -1.360002e-01
185 1.181962e-02
185 -4.191522e-02
185 1.240210e-01
186 3.356586e-02
186 8.567815e-02
186 1.092836e-02
187 4.052876e-02
187 -4.396213e-02
187 -1.714493e-01
188 3.356586e-02
188 8.567815e-02
188 -1.092836e-02
189 -2.104845e-02
189 8.011198e-02
189 2.572471e-02
190 1.181962e-02
190 -4.105288e-02
190 1.248833e-01
191 4.052876e-02
191 1.077057e-01
191 -1.978143e-02
192 -2.104845e-02
192 -5.291835e-02
192 -1.073056e-01
193 -3.367772e-03
193 4.052659e-02
193 2.080427e-02
194 -5.426189e-03
194 -1.123366e-02
194 -4.542121e-02
195 1.125521e-02
195 -4.674993e-02
195 6.367510e-02
196 -5.426189e-03
196 -1.123366e-02
196 4.542121e-02
197 -1.010402e-02
197 2.119191e-02
197 3.133722e-03
198 -3.367772e-03
198 -9.861160e-03
198 7.119202e-02
199 1.125521e-02
199 -4.674993e-02
199 -6.367510e-02
200 -1.010402e-02
200 -1.216282e-02
200 -3.022101e-02
18000.000000
1 1.355435e-01
1 7.940107e-02
1 -5.647414e-01
2 1.445899e-01
2 -3.315125e-01
2 1.301471e-01
3 1.537387e-01
3 -3.056765e-01
3 -1.254297e-02
4 1.633481e-01
4 1.662887e-01
4 4.612284e-01
5 1.537387e-01
5 1.591097e-01
5 4.522433e-01
6 1.633481e-01
6 1.662887e-01
6 -4.612284e-01
7 1.355435e-01
7 2.426702e-01
7 -4.014723e-01
8 1.311288e-01
8 2.209628e-01
8 -4.059551e-01
9 1.311288e-01
9 9.249618e-02
9 -5.344217e-01
10 1.404762e-01
10 1.508378e-01
10 -4.310275e-01
11 1.461346e-01
11 1.571154e-01
11 4.380293e-01
12 1.219189e-01
12 2.341453e-01
12 3.757879e-01
13 1.404762e-01
13 1.400949e-01
13 -4.417704e-01
14 1.265328e-01
14 1.322377e-01
14 -4.171785e-01
15 1.445899e-01
15 -3.315125e-01
15 -1.301471e-01
16 1.219189e-01
16 -3.049666e-01
16 -1.633240e-01
17 1.172050e-01
17 -2.972273e-01
17 1.309859e-01
18 1.265328e-01
18 -2.747081e-01
18 -1.023269e-02
19 1.331808e-01
19 1.503291e-01
19 4.134767e-01
20 1.461346e-01
20 1.571154e-01
20 -4.380293e-01
21 1.112477e-01
21 6.356761e-02
21 -5.165686e-01
22 1.138918e-01
22 -2.585395e-01
22 9.786366e-03
23 1.172050e-01
23 2.141066e-01
23 -3.803480e-01
24 1.112477e-01
24 -2.900681e-01
24 -1.629329e-01
25 1.046967e-01
25 -2.807787e-01
25 1.298077e-01
26 1.138918e-01
26 1.243766e-01
26 3.927024e-01
27 1.197727e-01
27 1.420299e-01
27 3.895577e-01
28 1.331808e-01
28 1.315738e-01
28 4.322320e-01
29 9.924782e-02
29 -2.735788e-01
29 1.615539e-01
30 1.197727e-01
30 -2.657938e-01
30 -1.826603e-02
31 1.046967e-01
31 2.052932e-01
31 -3.562642e-01
32 9.924782e-02
32 5.601244e-02
32 4.911451e-01
33 9.212110e-02
33 -2.636296e-01
33 1.288355e-01
34 1.013244e-01
34 -2.414237e-01
34 -9.269705e-03
35 1.070567e-01
35 1.337698e-01
35 3.641459e-01
36 1.013244e-01
36 1.160770e-01
36 -3.667704e-01
37 8.767886e-02
37 2.080238e-01
37 3.051386e-01
38 1.070567e-01
38 1.337698e-01
38 -3.641459e-01
39 9.212110e-02
39 1.962325e-01
39 -3.310266e-01
40 8.767886e-02
40 -2.565812e-01
40 -1.594664e-01
41 7.997830e-02
41 5.940412e-02
41 -4.323251e-01
42 8.923442e-02
42 -2.237276e-01
42 -8.689174e-03
43 9.461283e-02
43 -2.314307e-01
43 1.860104e-02
44 8.923442e-02
44 -2.237276e-01
44 8.689174e-03
45 7.620880e-02
45 -2.388530e-01
45 1.567669e-01
46 9.461283e-02
46 -2.314307e-01
46 -1.860104e-02
47 7.997830e-02
47 -2.458646e-01
47 -1.270564e-01
48 7.620880e-02
48 -2.388530e-01
48 -1.567669e-01
49 6.818090e-02
49 1.762629e-01
49 2.789250e-01
50 7.757227e-02
50 -2.055106e-01
50 -8.055807e-03
51 8.264819e-02
51 1.160044e-01
51 3.106818e-01
52 7.757227e-02
52 -2.055106e-01
52 8.055807e-03
53 6.511333e-02
53 1.871079e-01
53 2.542566e-01
54 8.264819e-02
54 -2.133431e-01
54 -1.866565e-02
55 6.818090e-02
55 5.133103e-02
55 4.038569e-01
56 6.511333e-02
56 3.357434e-02
56 4.077902e-01
57 5.684367e-02
57 -2.089906e-01
57 1.223792e-01
58 6.644081e-02
58 8.979877e-02
58 2.841553e-01
59 7.118075e-02
59 -1.948636e-01
59 1.865486e-02
60 6.644081e-02
60 8.979877e-02
60 -2.841553e-01
61 5.443111e-02
61 1.760082e-01
61 2.284215e-01
62 7.118075e-02
62 1.067592e-01
62 -2.829679e-01
63 5.684367e-02
63 -2.089906e-01
63 -1.223792e-01
64 5.443111e-02
64 -2.022149e-01
64 -1.498016e-01
65 4.601483e-02
65 -1.902244e-01
65 1.194596e-01
66 5.000468e-02
66 -1.574265e-01
66 1.850357e-02
67 6.028453e-02
67 9.738615e-02
67 2.549508e-01
68 5.588582e-02
68 -1.682927e-01
68 6.666126e-03
69 4.425137e-02
69 1.901940e-02
69 -3.482542e-01
70 6.028453e-02
70 7.878234e-02
70 2.735546e-01
71 4.601483e-02
71 1.548420e-01
71 -2.256068e-01
72 4.425137e-02
72 1.901940e-02
72 3.482542e-01
73 3.575595e-02
73 -1.714577e-01
73 1.161754e-01
74 4.595716e-02
74 -1.496232e-01
74 -5.920473e-03
75 5.588582e-02
75 8.081327e-02
75 2.557720e-01
76 4.595716e-02
76 7.185134e-02
76 -2.273950e-01
77 3.463044e-02
77 1.530218e-01
77 1.771858e-01
78 5.000468e-02
78 6.946146e-02
78 2.453915e-01
79 3.575595e-02
79 -1.714577e-01
79 -1.161754e-01
80 3.463044e-02
80 1.208197e-02
80 3.181257e-01
81 2.611246e-02
81 2.014872e-02
81 -2.855217e-01
82 3.668851e-02
82 -1.311119e-01
82 -5.146933e-03
83 4.038180e-02
83 6.021492e-02
83 -2.173651e-01
84 3.668851e-02
84 -1.311119e-01
84 5.146933e-03
85 2.561970e-02
85 -1.467580e-01
85 1.358370e-01
86 4.038180e-02
86 6.021492e-02
86 2.173651e-01
87 2.611246e-02
87 1.326865e-01
87 -1.729839e-01
88 2.561970e-02
88 5.460511e-03
88 2.880555e-01
89 1.712124e-02
89 -1.344837e-01
89 1.085455e-01
90 2.810439e-02
90 5.861705e-02
90 -1.671496e-01
91 3.144454e-02
91 5.110960e-02
91 -1.896746e-01
92 2.810439e-02
92 5.426628e-02
92 -1.715004e-01
93 1.725766e-02
93 -1.287226e-01
93 1.302968e-01
94 3.144454e-02
94 5.110960e-02
94 1.896746e-01
95 1.712124e-02
95 -1.344837e-01
95 -1.085455e-01
96 1.725766e-02
96 -7.871280e-04
96 2.582323e-01
97 8.806564e-03
97 6.160784e-03
97 -2.268693e-01
98 2.022085e-02
98 4.929087e-02
98 -1.407955e-01
99 2.321418e-02
99 4.220409e-02
99 -1.624901e-01
100 2.022085e-02
100 4.929087e-02
100 1.407955e-01
101 9.574220e-03
101 -6.600883e-03
101 -2.288211e-01
102 2.321418e-02
102 6.014299e-02
102 -1.445512e-01
103 8.806564e-03
103 6.160784e-03
103 2.268693e-01
104 9.574220e-03
104 1.177110e-01
104 -1.045092e-01
105 1.180785e-03
105 -9.903210e-02
105 9.946121e-02
106 1.304951e-02
106 -7.768432e-02
106 -2.719158e-03
107 1.570698e-02
107 5.120109e-02
107 1.183068e-01
108 1.304951e-02
108 4.020174e-02
108 1.151669e-01
109 2.589987e-03
109 -1.191296e-02
109 -1.999700e-01
110 1.570698e-02
110 -8.475394e-02
110 -1.764824e-02
111 1.180785e-03
111 -9.903210e-02
111 -9.946121e-02
112 2.589987e-03
112 -9.402850e-02
112 -1.178544e-01
113 -5.751502e-03
113 -8.213877e-02
113 9.431130e-02
114 6.601562e-03
114 3.140072e-02
114 -9.039245e-02
115 8.938550e-03
115 4.249370e-02
115 9.291611e-02
116 6.601562e-03
116 2.949586e-02
116 -9.229731e-02
117 -3.677675e-03
117 9.423261e-02
117 6.095435e-02
118 8.938550e-03
118 2.521120e-02
118 1.101986e-01
119 -5.751502e-03
119 8.822503e-02
119 -7.605250e-02
120 -3.677675e-03
120 -1.663913e-02
120 1.718261e-01
121 -1.199108e-02
121 -6.595244e-02
121 8.868025e-02
122 8.995008e-04
122 -4.478490e-02
122 -1.107124e-03
123 2.928536e-03
123 3.405382e-02
123 6.854172e-02
124 8.995008e-04
124 2.294601e-02
124 6.662379e-02
125 -9.219914e-03
125 -2.067298e-02
125 -1.445472e-01
126 2.928536e-03
126 3.405382e-02
126 -6.854172e-02
127 -1.199108e-02
127 7.731635e-02
127 -5.458854e-02
128 -9.219914e-03
128 -2.067298e-02
128 1.445472e-01
129 -1.753273e-02
129 -5.062188e-02
129 8.249422e-02
130 -4.028336e-03
130 1.457162e-02
130 4.439849e-02
131 -2.292612e-03
131 2.592692e-02
131 4.538388e-02
132 -4.028336e-03
132 -2.948505e-02
132 3.418171e-04
133 -1.400526e-02
133 -4.723747e-02
133 9.497062e-02
134 -2.292612e-03
134 -3.565540e-02
134 -1.619844e-02
135 -1.753273e-02
135 -5.062188e-02
135 -8.249422e-02
136 -1.400526e-02
136 -2.386658e-02
136 1.183415e-01
137 -2.236252e-02
137 -3.634094e-02
137 7.562337e-02
138 -8.098132e-03
138 -1.521702e-02
138 4.006959e-04
139 -6.678462e-03
139 1.816805e-02
139 2.373213e-02
140 -8.098132e-03
140 7.808858e-03
140 -2.262518e-02
141 -1.804032e-02
141 5.974830e-02
141 7.638418e-03
142 -6.678462e-03
142 1.816805e-02
142 -2.373213e-02
143 -2.236252e-02
143 5.598216e-02
143 -1.669973e-02
144 -1.804032e-02
144 -3.369336e-02
144 -8.580324e-02
145 -2.640536e-02
145 -2.232916e-02
145 -6.908835e-02
146 -1.126865e-02
146 -2.274594e-03
146 1.104028e-03
147 -1.015907e-02
147 -7.447164e-03
147 1.439112e-02
148 -1.126865e-02
148 -2.274594e-03
148 -1.104028e-03
149 -2.115745e-02
149 -2.164755e-02
149 7.560723e-02
150 -1.015907e-02
150 -7.447164e-03
150 -1.439112e-02
151 -2.640536e-02
151 -2.337960e-02
151 -6.803791e-02
152 -2.115745e-02
152 -2.164755e-02
152 -7.560723e-02
153 -2.957120e-02
153 3.576003e-02
153 -1.163687e-02
154 -1.322492e-02
154 8.758167e-03
154 1.921591e-03
155 -1.264654e-02
155 4.301249e-03
155 -1.322970e-02
156 -1.322492e-02
156 -5.339879e-03
156 -1.217645e-02
157 -2.354154e-02
157 3.781816e-02
157 -1.527482e-02
158 -1.264654e-02
158 -8.765475e-03
158 -1.629775e-04
159 -2.957120e-02
159 -1.206158e-02
159 -5.945848e-02
160 -2.354154e-02
160 -1.127167e-02
160 -6.436465e-02
161 -3.147445e-02
161 -2.862470e-03
161 5.051996e-02
162 -1.422167e-02
162 -7.325768e-03
162 -2.743131e-02
163 -1.401416e-02
163 1.416331e-02
163 1.190462e-02
164 -1.422167e-02
164 -7.325768e-03
164 2.743131e-02
165 -2.417621e-02
165 2.766682e-02
165 -2.085026e-02
166 -1.401416e-02
166 -1.129346e-03
166 2.719727e-02
167 -3.147445e-02
167 2.669122e-02
167 2.096628e-02
168 -2.417621e-02
168 2.766682e-02
168 2.085026e-02
169 -3.196734e-02
169 3.890487e-03
169 3.993114e-02
170 -1.276158e-02
170 -1.318853e-02
170 3.064813e-02
171 -1.417065e-02
171 -5.433837e-03
171 -3.632339e-02
172 -1.276158e-02
172 2.191833e-02
172 -4.458730e-03
173 -2.495278e-02
173 -2.107112e-02
173 -1.533024e-02
174 -1.417065e-02
174 -1.544477e-02
174 -2.631245e-02
175 -3.196734e-02
175 1.802033e-02
175 2.580130e-02
176 -2.495278e-02
176 -2.107112e-02
176 1.533024e-02
177 -2.936170e-02
177 7.349092e-03
177 3.286527e-02
178 -1.191172e-02
178 2.281560e-02
178 5.556401e-03
179 -1.283968e-02
179 2.328810e-02
179 1.087565e-02
180 -1.191172e-02
180 -8.629599e-03
180 3.700160e-02
181 -1.927067e-02
181 1.101812e-02
181 -1.886064e-02
182 -1.283968e-02
182 -1.708187e-02
182 -2.949433e-02
183 -2.936170e-02
183 7.349092e-03
183 -3.286527e-02
184 -1.927067e-02
184 -1.493938e-02
184 7.096855e-03
185 -2.465526e-02
185 -1.377844e-02
185 2.805645e-03
186 -2.227109e-03
186 1.397127e-02
186 1.130359e-02
187 -1.006346e-02
187 -6.880247e-03
187 -3.425411e-02
188 -2.227109e-03
188 1.397127e-02
188 -1.130359e-02
189 -2.237308e-02
189 9.184733e-03
189 1.834439e-02
190 -2.465526e-02
190 5.486397e-03
190 2.207048e-02
191 -1.006346e-02
191 2.056718e-02
191 -6.806684e-03
192 -2.237308e-02
192 -1.376456e-02
192 -4.604907e-03
193 -9.267734e-03
193 3.829703e-03
193 3.404203e-02
194 -7.042837e-03
194 2.144209e-04
194 -1.450389e-02
195 -3.864764e-03
195 -1.498096e-02
195 4.874109e-03
196 -7.042837e-03
196 2.144209e-04
196 1.450389e-02
197 1.023596e-02
197 -5.244709e-03
197 1.056381e-02
198 -9.267734e-03
198 1.510616e-02
198 2.276557e-02
199 -3.864764e-03
199 -1.498096e-02
199 -4.874109e-03
200 1.023596e-02
200 -2.659550e-03
200 1.314897e-02
21600.000000
1 -2.529311e-01
1 2.459337e-01
1 -9.875379e-01
2 -2.473642e-01
2 -6.248161e-01
2 1.047192e-01
3 -2.477718e-01
3 -6.143270e-01
3 6.065812e-03
4 -2.423383e-01
4 3.264566e-01
4 9.151426e-01
5 -2.477718e-01
5 3.041306e-01
5 9.245234e-01
6 -2.423383e-01
6 3.264566e-01
6 -9.151426e-01
7 -2.529311e-01
7 3.708021e-01
7 -8.626696e-01
8 -2.546209e-01
8 3.556188e-01
8 -8.611772e-01
9 -2.546209e-01
9 2.527792e-01
9 -9.640168e-01
10 -2.538443e-01
10 2.959935e-01
10 -9.038288e-01
11 -2.528621e-01
11 3.177639e-01
11 8.939156e-01
12 -2.595682e-01
12 3.624615e-01
12 8.388182e-01
13 -2.538443e-01
13 3.039176e-01
13 -8.959046e-01
14 -2.600065e-01
14 2.951603e-01
14 -8.688935e-01
15 -2.473642e-01
15 -6.248161e-01
15 -1.047192e-01
16 -2.595682e-01
16 -6.006399e-01
16 -1.242831e-01
17 -2.618428e-01
17 -5.917289e-01
17 1.052439e-01
18 -2.600065e-01
18 -5.820269e-01
18 8.293759e-03
19 -2.585089e-01
19 3.102040e-01
19 8.681235e-01
20 -2.528621e-01
20 3.177639e-01
20 -8.939156e-01
21 -2.624598e-01
21 2.310329e-01
21 -9.389288e-01
22 -2.638664e-01
22 -5.627770e-01
22 -8.477098e-03
23 -2.618428e-01
23 3.484864e-01
23 -8.349714e-01
24 -2.624598e-01
24 -5.849808e-01
24 -1.229151e-01
25 -2.667963e-01
25 -5.732037e-01
25 1.035326e-01
26 -2.638664e-01
26 2.856271e-01
26 8.399270e-01
27 -2.638512e-01
27 3.000619e-01
27 8.407461e-01
28 -2.585089e-01
28 2.789598e-01
28 8.993677e-01
29 -2.660785e-01
29 -5.660356e-01
29 1.203662e-01
30 -2.638512e-01
30 -5.704040e-01
30 -2.971974e-02
31 -2.667963e-01
31 3.383682e-01
31 -8.080393e-01
32 -2.660785e-01
32 2.228347e-01
32 9.092366e-01
33 -2.709219e-01
33 -5.525476e-01
33 1.021016e-01
34 -2.668019e-01
34 -5.412417e-01
34 8.652544e-03
35 -2.675743e-01
35 2.892660e-01
35 8.098121e-01
36 -2.668019e-01
36 2.749471e-01
36 -8.075363e-01
37 -2.683029e-01
37 3.311317e-01
37 7.593139e-01
38 -2.675743e-01
38 2.892660e-01
38 -8.098121e-01
39 -2.709219e-01
39 3.273246e-01
39 -7.777706e-01
40 -2.683029e-01
40 -5.452228e-01
40 -1.170405e-01
41 -2.735841e-01
41 2.151038e-01
41 -8.448479e-01
42 -2.682959e-01
42 -5.179729e-01
42 8.835917e-03
43 -2.701225e-01
43 -5.267642e-01
43 2.781297e-02
44 -2.682959e-01
44 -5.179729e-01
44 -8.835917e-03
45 -2.694988e-01
45 -5.223629e-01
45 1.130885e-01
46 -2.701225e-01
46 -5.267642e-01
46 -2.781297e-02
47 -2.735841e-01
47 -5.299758e-01
47 -9.976829e-02
48 -2.694988e-01
48 -5.223629e-01
48 -1.130885e-01
49 -2.748659e-01
49 3.014049e-01
49 7.099611e-01
50 -2.684220e-01
50 -4.930810e-01
50 9.021209e-03
51 -2.712300e-01
51 2.644746e-01
51 7.401397e-01
52 -2.684220e-01
52 -4.930810e-01
52 -9.021209e-03
53 -2.692926e-01
53 3.032477e-01
53 6.924849e-01
54 -2.712300e-01
54 -5.023072e-01
54 -2.664206e-02
55 -2.748659e-01
55 2.042781e-01
55 8.070879e-01
56 -2.692926e-01
56 1.946186e-01
56 8.011141e-01
57 -2.746262e-01
57 -4.799083e-01
57 9.406210e-02
58 -2.670562e-01
58 2.380177e-01
58 6.956561e-01
59 -2.708811e-01
59 -4.764015e-01
59 2.532890e-02
60 -2.670562e-01
60 2.380177e-01
60 -6.956561e-01
61 -2.676506e-01
61 2.878239e-01
61 6.560361e-01
62 -2.708811e-01
62 2.508652e-01
62 -7.019379e-01
63 -2.746262e-01
63 -4.799083e-01
63 -9.406210e-02
64 -2.676506e-01
64 -4.719300e-01
64 -1.037179e-01
65 -2.728282e-01
65 -4.528766e-01
65 9.066266e-02
66 -2.655274e-01
66 -4.211344e-01
66 2.243266e-02
67 -2.689928e-01
67 2.366017e-01
67 6.619431e-01
68 -2.641643e-01
68 -4.394458e-01
68 -9.359346e-03
69 -2.644745e-01
69 1.732055e-01
69 -7.164058e-01
70 -2.689928e-01
70 2.126707e-01
70 6.858741e-01
71 -2.728282e-01
71 2.717696e-01
71 -6.339836e-01
72 -2.644745e-01
72 1.732055e-01
72 7.164058e-01
73 -2.694220e-01
73 -4.248064e-01
73 8.692725e-02
74 -2.597028e-01
74 -4.111216e-01
74 9.496185e-03
75 -2.641643e-01
75 2.244026e-01
75 6.544890e-01
76 -2.597028e-01
76 2.103089e-01
76 -6.119343e-01
77 -2.597232e-01
77 2.546962e-01
77 5.787177e-01
78 -2.655274e-01
78 1.993509e-01
78 6.429179e-01
79 -2.694220e-01
79 -4.248064e-01
79 -8.692725e-02
80 -2.597232e-01
80 1.620107e-01
80 6.714031e-01
81 -2.643808e-01
81 1.565153e-01
81 -6.352967e-01
82 -2.536497e-01
82 -3.820638e-01
82 9.602783e-03
83 -2.604510e-01
83 1.856756e-01
83 -5.987108e-01
84 -2.536497e-01
84 -3.820638e-01
84 -9.602783e-03
85 -2.533606e-01
85 -3.878462e-01
85 8.660975e-02
86 -2.604510e-01
86 1.856756e-01
86 5.987108e-01
87 -2.643808e-01
87 2.393907e-01
87 -5.524214e-01
88 -2.533606e-01
88 1.506182e-01
88 6.250741e-01
89 -2.576856e-01
89 -3.663790e-01
89 7.851285e-02
90 -2.459902e-01
90 1.713984e-01
90 -5.335420e-01
91 -2.537434e-01
91 1.717458e-01
91 -5.535519e-01
92 -2.459902e-01
92 1.810718e-01
92 -5.238686e-01
93 -2.453669e-01
93 -3.584288e-01
93 8.018026e-02
94 -2.537434e-01
94 1.717458e-01
94 5.535519e-01
95 -2.576856e-01
95 -3.663790e-01
95 -7.851285e-02
96 -2.453669e-01
96 1.391242e-01
96 5.777333e-01
97 -2.493268e-01
97 1.312923e-01
97 -5.415651e-01
98 -2.367165e-01
98 1.564185e-01
98 -4.886603e-01
99 -2.453910e-01
99 1.576619e-01
99 -5.077398e-01
100 -2.367165e-01
100 1.564185e-01
100 4.886603e-01
101 -2.357287e-01
101 1.276303e-01
101 -5.296964e-01
102 -2.453910e-01
102 1.750390e-01
102 -4.903627e-01
103 -2.493268e-01
103 1.312923e-01
103 5.415651e-01
104 -2.357287e-01
104 2.010330e-01
104 -4.562936e-01
105 -2.392998e-01
105 -3.062656e-01
105 6.886826e-02
106 -2.258233e-01
106 -2.924796e-01
106 9.684913e-03
107 -2.353842e-01
107 1.590255e-01
107 4.460833e-01
108 -2.258233e-01
108 1.413973e-01
108 4.435619e-01
109 -2.244389e-01
109 1.162450e-01
109 -4.812886e-01
110 -2.353842e-01
110 -3.025544e-01
110 -1.549666e-02
111 -2.392998e-01
111 -3.062656e-01
111 -6.886826e-02
112 -2.244389e-01
112 -2.987668e-01
112 -6.627675e-02
113 -2.276003e-01
113 -2.761136e-01
113 6.358342e-02
114 -2.133044e-01
114 1.264500e-01
114 -3.985825e-01
115 -2.237139e-01
115 1.429694e-01
115 4.018879e-01
116 -2.133044e-01
116 1.360663e-01
116 -3.889662e-01
117 -2.114895e-01
117 1.638850e-01
117 3.740588e-01
118 -2.237139e-01
118 1.294592e-01
118 4.153980e-01
119 -2.276003e-01
119 1.698485e-01
119 -3.823787e-01
120 -2.114895e-01
120 1.050869e-01
120 4.328569e-01
121 -2.142193e-01
121 -2.462162e-01
121 5.798826e-02
122 -1.991466e-01
122 -2.329037e-01
122 9.495425e-03
123 -2.103683e-01
123 1.269877e-01
123 3.581433e-01
124 -1.991466e-01
124 1.117041e-01
124 3.541033e-01
125 -1.968724e-01
125 9.428029e-02
125 -3.847766e-01
126 -2.103683e-01
126 1.269877e-01
126 -3.581433e-01
127 -2.142193e-01
127 1.521022e-01
127 -3.403302e-01
128 -1.968724e-01
128 9.428029e-02
128 3.847766e-01
129 -1.991321e-01
129 -2.168409e-01
129 5.210258e-02
130 -1.833339e-01
130 1.066273e-01
130 3.012360e-01
131 -1.953298e-01
131 1.112192e-01
131 3.152612e-01
132 -1.833339e-01
132 -2.039317e-01
132 -9.323026e-03
133 -1.805601e-01
133 -2.107113e-01
133 4.280461e-02
134 -1.953298e-01
134 -2.132402e-01
134 -9.198264e-03
135 -1.991321e-01
135 -2.168409e-01
135 -5.210258e-02
136 -1.805601e-01
136 8.395332e-02
136 3.374692e-01
137 -1.822926e-01
137 -1.882758e-01
137 4.596283e-02
138 -1.658278e-01
138 -1.759420e-01
138 9.114618e-03
139 -1.785748e-01
139 9.582288e-02
139 2.737146e-01
140 -1.658278e-01
140 9.252831e-02
140 -2.593557e-01
141 -1.625303e-01
141 1.085878e-01
141 2.570021e-01
142 -1.785748e-01
142 9.582288e-02
142 -2.737146e-01
143 -1.822926e-01
143 1.171193e-01
143 -2.594324e-01
144 -1.625303e-01
144 -1.827949e-01
144 -3.438060e-02
145 -1.636066e-01
145 6.055311e-02
145 -2.610983e-01
146 -1.466174e-01
146 -1.493019e-01
146 8.876836e-03
147 -1.600707e-01
147 -1.575139e-01
147 4.503826e-03
148 -1.466174e-01
148 -1.493019e-01
148 -8.876836e-03
149 -1.426717e-01
149 -1.560846e-01
149 2.584886e-02
150 -1.600707e-01
150 -1.575139e-01
150 -4.503826e-03
151 -1.636066e-01
151 -1.608257e-01
151 -3.971948e-02
152 -1.426717e-01
152 -1.560846e-01
152 -2.584886e-02
153 -1.429456e-01
153 8.415034e-02
153 1.853929e-01
154 -1.256124e-01
154 -1.244374e-01
154 8.666311e-03
155 -1.397838e-01
155 6.697940e-02
155 1.967534e-01
156 -1.256124e-01
156 5.788555e-02
156 1.909893e-01
157 -1.209774e-01
157 7.416118e-02
157 1.873652e-01
158 -1.397838e-01
158 6.488701e-02
158 1.988458e-01
159 -1.429456e-01
159 -1.347716e-01
159 -3.352906e-02
160 -1.209774e-01
160 -1.307632e-01
160 -1.755916e-02
161 -1.200727e-01
161 -1.103568e-01
161 2.801092e-02
162 -1.029432e-01
162 5.501499e-02
162 1.481990e-01
163 -1.176569e-01
163 -1.082169e-01
163 -1.060168e-04
164 -1.029432e-01
164 5.501499e-02
164 -1.481990e-01
165 -9.704039e-02
165 5.858603e-02
165 1.556496e-01
166 -1.176569e-01
166 5.405542e-02
166 -1.623783e-01
167 -1.200727e-01
167 6.918386e-02
167 -1.515298e-01
168 -9.704039e-02
168 5.858603e-02
168 -1.556496e-01
169 -9.479568e-02
169 -8.761649e-02
169 2.342435e-02
170 -7.837930e-02
170 3.639896e-02
170 -1.256657e-01
171 -9.366998e-02
171 4.226939e-02
171 1.313224e-01
172 -7.837930e-02
172 -8.103234e-02
172 -8.234414e-03
173 -7.115510e-02
173 4.020922e-02
173 -1.294146e-01
174 -9.366998e-02
174 4.452649e-02
174 1.290653e-01
175 -9.479568e-02
175 5.552042e-02
175 -1.197126e-01
176 -7.115510e-02
176 4.020922e-02
176 1.294146e-01
177 -6.680841e-02
177 -6.640434e-02
177 2.168761e-02
178 -5.276284e-02
178 -6.175567e-02
178 7.565150e-03
179 -6.765209e-02
179 -6.748315e-02
179 -3.579036e-03
180 -5.276284e-02
180 3.466041e-02
180 -8.885093e-02
181 -4.205623e-02
181 3.298923e-02
181 9.521525e-02
182 -6.765209e-02
182 3.553109e-02
182 9.943521e-02
183 -6.680841e-02
183 -6.640434e-02
183 -2.168761e-02
184 -4.205623e-02
184 3.111301e-02
184 9.709148e-02
185 -3.646785e-02
185 1.171742e-02
185 -7.971548e-02
186 -2.616304e-02
186 -4.171491e-02
186 6.162135e-03
187 -3.995159e-02
187 2.192340e-02
187 7.596818e-02
188 -2.616304e-02
188 -4.171491e-02
188 -6.162135e-03
189 -1.115923e-02
189 -4.322891e-02
189 4.157302e-03
190 -3.646785e-02
190 3.399903e-02
190 -5.743387e-02
191 -3.995159e-02
191 -4.894579e-02
191 5.098998e-03
192 -1.115923e-02
192 1.953580e-02
192 6.692202e-02
193 -7.409398e-03
193 -2.307509e-02
193 2.686473e-02
194 -4.378813e-03
194 7.869035e-03
194 1.432337e-02
195 -1.179892e-02
195 1.458127e-02
195 -3.817967e-02
196 -4.378813e-03
196 7.869035e-03
196 -1.432337e-02
197 2.003875e-02
197 -2.100389e-02
197 1.188991e-02
198 -7.409398e-03
198 2.496991e-02
198 -2.118027e-02
199 -1.179892e-02
199 1.458127e-02
199 3.817967e-02
200 2.003875e-02
200 4.556993e-03
200 3.745079e-02
