3600.000000
1 4.304346e-02
1 -2.400044e-02
1 5.507325e-02
2 2.760409e-02
2 3.914605e-02
2 3.959215e-02
3 -1.819816e-02
3 -1.729167e-02
3 4.480360e-02
4 -1.470760e-02
4 3.122039e-02
4 -1.537065e-04
5 1.819816e-02
5 1.375596e-02
5 -4.833931e-02
6 1.470760e-02
6 -3.122039e-02
6 -1.537065e-04
7 -4.304346e-02
7 1.553640e-02
7 -6.353729e-02
8 -3.750034e-02
8 9.356026e-03
8 -7.667843e-02
9 3.750034e-02
9 -3.366120e-02
9 5.237325e-02
10 -2.219513e-02
10 -5.754421e-03
10 -4.232501e-02
11 -9.805061e-03
11 2.862845e-02
11 9.636126e-03
12 4.969781e-02
12 -1.892448e-02
12 -7.110591e-02
13 2.219513e-02
13 -2.403972e-02
13 1.253087e-02
14 2.502317e-02
14 -2.166132e-02
14 1.651353e-02
15 -2.760409e-02
15 -3.914605e-02
15 3.959215e-02
16 -4.969781e-02
16 -4.501520e-02
16 7.166228e-03
17 3.837955e-02
17 4.840008e-02
17 2.222382e-02
18 -2.502317e-02
18 -1.908742e-02
18 2.423521e-02
19 -9.947354e-03
19 2.540852e-02
19 1.315764e-02
20 9.805061e-03
20 -2.862845e-02
20 9.636126e-03
21 5.513262e-02
21 -2.688817e-02
21 6.927147e-02
22 2.830294e-02
22 2.012936e-02
22 1.826015e-02
23 -3.837955e-02
23 1.308813e-02
23 -8.371203e-02
24 -5.513262e-02
24 -4.807982e-02
24 5.696526e-03
25 3.816202e-02
25 4.972844e-02
25 2.022004e-02
26 -2.830294e-02
26 1.919476e-02
26 2.106396e-02
27 -8.442329e-03
27 2.461898e-02
27 1.725081e-02
28 9.947354e-03
28 6.125439e-03
28 -4.469160e-02
29 5.753427e-02
29 4.858318e-02
29 5.142065e-03
30 8.442329e-03
30 2.093489e-02
30 2.830306e-02
31 -3.816202e-02
31 1.475420e-02
31 -8.470268e-02
32 -5.753427e-02
32 2.686262e-02
32 7.030373e-02
33 3.589834e-02
33 4.962317e-02
33 1.887084e-02
34 -3.096832e-02
34 -2.107408e-02
34 1.356081e-02
35 -7.828874e-03
35 2.348841e-02
35 2.064346e-02
36 3.096832e-02
36 -1.731745e-02
36 2.483071e-02
37 5.815520e-02
37 -2.158068e-02
37 -7.346999e-02
38 7.828874e-03
38 -2.348841e-02
38 2.064346e-02
39 -3.589834e-02
39 1.537617e-02
39 -8.387017e-02
40 -5.815520e-02
40 -4.752533e-02
40 4.363980e-03
41 3.282398e-02
41 -3.271764e-02
41 6.319416e-02
42 -3.311088e-02
42 -2.186964e-02
42 9.376310e-03
43 -7.300294e-03
43 -2.319569e-02
43 2.192902e-02
44 3.311088e-02
44 2.186964e-02
44 9.376310e-03
45 5.718808e-02
45 4.530599e-02
45 3.660430e-03
46 7.300294e-03
46 2.319569e-02
46 2.192902e-02
47 -3.282398e-02
47 -4.795590e-02
47 1.747938e-02
48 -5.718808e-02
48 -4.530599e-02
48 3.660430e-03
49 2.920890e-02
49 -1.463465e-02
49 -7.621362e-02
50 -3.445275e-02
50 -2.232228e-02
50 5.970341e-03
51 -7.011195e-03
51 2.149400e-02
51 2.635128e-02
52 3.445275e-02
52 2.232228e-02
52 5.970341e-03
53 5.511015e-02
53 -1.971723e-02
53 -6.503418e-02
54 7.011195e-03
54 2.392264e-02
54 1.906537e-02
55 -2.920890e-02
55 3.078949e-02
55 6.005878e-02
56 -5.511015e-02
56 2.265848e-02
56 6.209293e-02
57 2.546468e-02
57 4.227351e-02
57 1.478622e-02
58 -3.492251e-02
58 1.276030e-02
58 3.188743e-02
59 -6.732243e-03
59 -2.418690e-02
59 1.641193e-02
60 3.492251e-02
60 -1.276030e-02
60 3.188743e-02
61 5.217030e-02
61 -1.836887e-02
61 -5.963162e-02
62 6.732243e-03
62 -2.029942e-02
62 2.807439e-02
63 -2.546468e-02
63 -4.227351e-02
63 1.478622e-02
64 -5.217030e-02
64 -3.900025e-02
64 2.262503e-03
65 2.178457e-02
65 3.875174e-02
65 1.335480e-02
66 -5.951823e-03
66 -2.301040e-02
66 1.159033e-02
67 -6.400399e-03
67 1.890221e-02
67 2.886627e-02
68 3.447526e-02
68 2.181218e-02
68 1.012976e-03
69 4.857554e-02
69 -1.849783e-02
69 5.224106e-02
70 6.400399e-03
70 -4.982030e-03
70 -4.278646e-02
71 -2.178457e-02
71 1.269847e-02
71 -6.480502e-02
72 -4.857554e-02
72 1.849783e-02
72 5.224106e-02
73 1.830986e-02
73 3.499799e-02
73 1.184677e-02
74 -3.315501e-02
74 -2.079249e-02
74 -6.784717e-04
75 -3.447526e-02
75 1.141258e-02
75 3.221178e-02
76 3.315501e-02
76 -1.005701e-02
76 3.152796e-02
77 4.447840e-02
77 -1.528006e-02
77 -4.793793e-02
78 5.951823e-03
78 -5.710037e-03
78 -4.031077e-02
79 -1.830986e-02
79 -3.499799e-02
79 1.184677e-02
80 -4.447840e-02
80 1.632893e-02
80 4.688905e-02
81 1.512160e-02
81 -2.070591e-02
81 4.154901e-02
82 -3.105582e-02
82 -1.932558e-02
82 -1.928034e-03
83 -5.385423e-03
83 6.096225e-03
83 -3.712777e-02
84 3.105582e-02
84 1.932558e-02
84 -1.928034e-03
85 4.002048e-02
85 2.782341e-02
85 5.490091e-04
86 5.385423e-03
86 -6.096225e-03
86 -3.712777e-02
87 -1.512160e-02
87 1.042155e-02
87 -5.183337e-02
88 -4.002048e-02
88 1.418621e-02
88 4.146061e-02
89 1.227630e-02
89 2.725376e-02
89 8.737744e-03
90 -2.834108e-02
90 1.011375e-02
90 -2.492379e-02
91 -4.750104e-03
91 6.154569e-03
91 -3.341903e-02
92 2.834108e-02
92 -7.405022e-03
92 2.763252e-02
93 3.536273e-02
93 2.411396e-02
93 1.532615e-04
94 4.750104e-03
94 -6.154569e-03
94 -3.341903e-02
95 -1.227630e-02
95 -2.725376e-02
95 8.737744e-03
96 -3.536273e-02
96 1.213361e-02
96 3.609431e-02
97 9.802732e-03
97 -1.539099e-02
97 3.157890e-02
98 -2.523657e-02
98 9.281013e-03
98 -2.172903e-02
99 -4.090266e-03
99 5.911302e-03
99 -2.943484e-02
100 2.523657e-02
100 -9.281013e-03
100 -2.172903e-02
101 3.068775e-02
101 -1.022183e-02
101 3.091993e-02
102 4.090266e-03
102 -1.176177e-02
102 2.358438e-02
103 -9.802732e-03
103 1.539099e-02
103 3.157890e-02
104 -3.068775e-02
104 1.034905e-02
104 -3.079272e-02
105 7.693552e-03
105 1.990678e-02
105 5.996809e-03
106 -2.196529e-02
106 -1.341392e-02
106 -3.108453e-03
107 -3.431872e-03
107 9.973780e-03
107 2.086939e-02
108 2.196529e-02
108 -8.261188e-03
108 -1.856666e-02
109 2.615503e-02
109 -8.475719e-03
109 2.604798e-02
110 3.431872e-03
110 1.542158e-02
110 4.525977e-03
111 -7.693552e-03
111 -1.990678e-02
111 5.996809e-03
112 -2.615503e-02
112 -1.726185e-02
112 -3.104127e-04
113 5.922151e-03
113 1.658568e-02
113 4.832480e-03
114 -1.870502e-02
114 7.170505e-03
114 -1.553558e-02
115 -2.802286e-03
115 8.298268e-03
115 1.802622e-02
116 1.870502e-02
116 -4.182539e-03
116 1.852355e-02
117 2.188549e-02
117 -7.329744e-03
117 -2.114385e-02
118 2.802286e-03
118 -4.863977e-03
118 -2.146051e-02
119 -5.922151e-03
119 5.876603e-03
119 -2.729477e-02
120 -2.188549e-02
120 6.907054e-03
120 2.156654e-02
121 4.460508e-03
121 1.357340e-02
121 3.805087e-03
122 -1.559019e-02
122 -9.403945e-03
122 -2.763822e-03
123 -2.227469e-03
123 6.762189e-03
123 1.522615e-02
124 1.559019e-02
124 -6.083883e-03
124 -1.272401e-02
125 1.797116e-02
125 -5.525570e-03
125 1.753931e-02
126 2.227469e-03
126 -6.762189e-03
126 1.522615e-02
127 -4.460508e-03
127 4.884154e-03
127 -2.226264e-02
128 -1.797116e-02
128 5.525570e-03
128 1.753931e-02
129 3.279561e-03
129 1.090522e-02
129 2.924092e-03
130 -1.272000e-02
130 2.575622e-03
130 1.267218e-02
131 -1.723236e-03
131 5.393567e-03
131 1.258387e-02
132 1.272000e-02
132 7.623899e-03
132 -2.472655e-03
133 1.447732e-02
133 9.169766e-03
133 -4.961859e-04
134 1.723236e-03
134 8.988717e-03
134 1.798417e-03
135 -3.279561e-03
135 -1.090522e-02
135 2.924092e-03
136 -1.447732e-02
136 4.336790e-03
136 1.400274e-02
137 2.345206e-03
137 8.596746e-03
137 2.194707e-03
138 -1.016070e-02
138 -6.047883e-03
138 -2.142034e-03
139 -1.294502e-03
139 4.211067e-03
139 1.017431e-02
140 1.016070e-02
140 -1.952925e-03
140 1.014284e-02
141 1.143961e-02
141 -3.813509e-03
141 -1.048937e-02
142 1.294502e-03
142 -4.211067e-03
142 1.017431e-02
143 -2.345206e-03
143 3.201019e-03
143 -1.399247e-02
144 -1.143961e-02
144 -7.151442e-03
144 -4.755755e-04
145 1.617967e-03
145 -4.128430e-03
145 9.158572e-03
146 -7.947273e-03
146 -4.690713e-03
146 -1.796145e-03
147 -9.378446e-04
147 -5.630374e-03
147 8.087949e-04
148 7.947273e-03
148 4.690713e-03
148 -1.796145e-03
149 8.864376e-03
149 5.462596e-03
149 -4.276461e-04
150 9.378446e-04
150 5.630374e-03
150 8.087949e-04
151 -1.617967e-03
151 -6.643501e-03
151 1.613359e-03
152 -8.864376e-03
152 -5.462596e-03
152 -4.276461e-04
153 1.055036e-03
153 -1.927186e-03
153 -8.119981e-03
154 -6.087286e-03
154 -3.550131e-03
154 -1.455632e-03
155 -6.438494e-04
155 2.411632e-03
155 6.200934e-03
156 6.087286e-03
156 -2.502881e-03
156 -4.597380e-03
157 6.733048e-03
157 -2.217157e-03
157 -5.930913e-03
158 6.438494e-04
158 -1.894651e-03
158 -6.717914e-03
159 -1.055036e-03
159 -5.023584e-03
159 1.169211e-03
160 -6.733048e-03
160 -4.074035e-03
160 -3.602785e-04
161 6.129031e-04
161 3.701960e-03
161 8.463836e-04
162 -4.567479e-03
162 7.355266e-04
162 4.487384e-03
163 -3.989827e-04
163 -3.209398e-03
163 3.311620e-04
164 4.567479e-03
164 -7.355266e-04
164 4.487384e-03
165 5.008778e-03
165 -1.614439e-03
165 -4.279514e-03
166 3.989827e-04
166 -1.770280e-03
166 4.648517e-03
167 -6.129031e-04
167 1.427788e-03
167 -5.976132e-03
168 -5.008778e-03
168 1.614439e-03
168 -4.279514e-03
169 2.510618e-04
169 2.636738e-03
169 6.224265e-04
170 -3.364114e-03
170 1.369709e-03
170 -2.342501e-03
171 -1.885487e-04
171 1.270728e-03
171 3.369087e-03
172 3.364114e-03
172 1.856105e-03
172 -8.833128e-04
173 3.645778e-03
173 -9.160071e-04
173 3.166156e-03
174 1.885487e-04
174 -1.049180e-03
174 -3.590635e-03
175 -2.510618e-04
175 1.007156e-03
175 -4.266320e-03
176 -3.645778e-03
176 9.160071e-04
176 3.166156e-03
177 -5.157558e-05
177 1.789410e-03
177 4.571031e-04
178 -2.465791e-03
178 -1.283911e-03
178 -7.960736e-04
179 -7.006521e-08
179 -1.627102e-03
179 1.269257e-04
180 2.465791e-03
180 -2.439189e-04
180 2.323904e-03
181 2.608903e-03
181 -7.587776e-04
181 -1.913169e-03
182 7.006521e-08
182 -7.500882e-04
182 -2.504116e-03
183 5.157558e-05
183 -1.789410e-03
183 4.571031e-04
184 -2.608903e-03
184 5.771957e-04
184 2.094751e-03
185 -2.787042e-04
185 -7.116201e-04
185 1.644765e-03
186 -1.948843e-03
186 -9.859626e-04
186 -1.170843e-03
187 1.214720e-04
187 5.305816e-04
187 1.792113e-03
188 1.948843e-03
188 9.859626e-04
188 -1.170843e-03
189 1.932627e-03
189 8.939461e-04
189 -4.115041e-04
190 2.787042e-04
190 4.665724e-04
190 -1.889813e-03
191 -1.214720e-04
191 1.161347e-03
191 -1.001841e-04
192 -1.932627e-03
192 2.412210e-04
192 1.546671e-03
193 -2.110665e-05
193 8.547322e-04
193 -3.306889e-04
194 -2.373656e-03
194 -1.519435e-03
194 4.122464e-03
195 2.402600e-04
195 1.248653e-03
195 -1.329130e-03
196 2.373656e-03
196 1.519435e-03
196 4.122464e-03
197 1.947621e-03
197 1.008556e-03
197 -1.238032e-03
198 2.110665e-05
198 5.927106e-04
198 -1.116754e-03
199 -2.402600e-04
199 -1.248653e-03
199 -1.329130e-03
200 -1.947621e-03
200 -1.147380e-04
200 2.131850e-03
7200.000000
1 5.355573e-02
1 -2.713832e-02
1 7.759025e-02
2 4.383614e-02
2 5.184718e-02
2 2.124726e-02
3 -1.314469e-02
3 -1.332098e-02
3 2.136429e-02
4 -1.001608e-02
4 1.861920e-02
4 5.549243e-03
5 1.314469e-02
5 4.021655e-03
5 -3.066362e-02
6 1.001608e-02
6 -1.861920e-02
6 5.549243e-03
7 -5.355573e-02
7 2.522596e-02
7 -7.950261e-02
8 -5.096182e-02
8 2.203634e-02
8 -8.753390e-02
9 5.096182e-02
9 -3.274878e-02
9 7.682146e-02
10 -1.517059e-02
10 6.320372e-04
10 -2.778038e-02
11 -8.613891e-03
11 1.628621e-02
11 1.296833e-02
12 5.766835e-02
12 -2.772373e-02
12 -8.496150e-02
13 1.517059e-02
13 -1.357417e-02
13 1.483825e-02
14 1.633699e-02
14 -1.293180e-02
14 1.595523e-02
15 -4.383614e-02
15 -5.184718e-02
15 2.124726e-02
16 -5.766835e-02
16 -5.634262e-02
16 8.951515e-04
17 5.267013e-02
17 5.883288e-02
17 9.908489e-03
18 -1.633699e-02
18 -1.444352e-02
18 1.142009e-02
19 -9.046951e-03
19 1.471571e-02
19 1.462228e-02
20 8.613891e-03
20 -1.628621e-02
20 1.296833e-02
21 6.172124e-02
21 -2.976035e-02
21 8.867817e-02
22 1.770004e-02
22 1.443807e-02
22 9.802654e-03
23 -5.267013e-02
23 2.446220e-02
23 -9.320357e-02
24 -6.172124e-02
24 -5.921926e-02
24 3.014404e-04
25 5.386476e-02
25 6.093857e-02
25 9.767766e-03
26 -1.770004e-02
26 1.212036e-02
26 1.675577e-02
27 -7.756202e-03
27 1.476884e-02
27 1.549437e-02
28 9.046951e-03
28 4.671622e-05
28 -2.938471e-02
29 6.466627e-02
29 6.093712e-02
29 4.442948e-04
30 7.756202e-03
30 1.513160e-02
30 1.440608e-02
31 -5.386476e-02
31 2.558540e-02
31 -9.629173e-02
32 -6.466627e-02
32 3.069071e-02
32 9.118354e-02
33 5.388115e-02
33 6.246653e-02
33 1.018779e-02
34 -1.892036e-02
34 -1.428415e-02
34 8.604226e-03
35 -6.510528e-03
35 1.467119e-02
35 1.561134e-02
36 1.892036e-02
36 -1.144419e-02
36 1.712410e-02
37 6.700589e-02
37 -3.069140e-02
37 -9.311920e-02
38 6.510528e-03
38 -1.467119e-02
38 1.561134e-02
39 -5.388115e-02
39 2.613937e-02
39 -9.879370e-02
40 -6.700589e-02
40 -6.190530e-02
40 5.225001e-04
41 5.326397e-02
41 -3.689263e-02
41 8.945607e-02
42 -2.022740e-02
42 -1.416814e-02
42 7.225406e-03
43 -5.105295e-03
43 -1.523363e-02
43 1.417651e-02
44 2.022740e-02
44 1.416814e-02
44 7.225406e-03
45 6.865364e-02
45 6.218238e-02
45 6.454595e-04
46 5.105295e-03
46 1.523363e-02
46 1.417651e-02
47 -5.326397e-02
47 -6.317435e-02
47 1.061091e-02
48 -6.865364e-02
48 -6.218238e-02
48 6.454595e-04
49 5.201270e-02
49 -2.612685e-02
49 -1.004725e-01
50 -2.156395e-02
50 -1.412229e-02
50 5.833420e-03
51 -3.831662e-03
51 1.469808e-02
51 1.599776e-02
52 2.156395e-02
52 1.412229e-02
52 5.833420e-03
53 6.971299e-02
53 -3.057799e-02
53 -9.318923e-02
54 3.831662e-03
54 1.534792e-02
54 1.404824e-02
55 -5.201270e-02
55 3.717280e-02
55 8.942649e-02
56 -6.971299e-02
56 3.130562e-02
56 9.246160e-02
57 5.026699e-02
57 6.287146e-02
57 1.144036e-02
58 -2.291711e-02
58 9.294457e-03
58 1.900056e-02
59 -2.676613e-03
59 -1.553712e-02
59 1.386590e-02
60 2.291711e-02
60 -9.294457e-03
60 1.900056e-02
61 7.021732e-02
61 -3.013669e-02
61 -9.201116e-02
62 2.676613e-03
62 -1.470151e-02
62 1.637272e-02
63 -5.026699e-02
63 -6.287146e-02
63 1.144036e-02
64 -7.021732e-02
64 -6.107392e-02
64 8.005453e-04
65 4.808108e-02
65 6.197349e-02
65 1.182415e-02
66 -7.317953e-04
66 -1.595750e-02
66 1.348283e-02
67 -1.656669e-03
67 1.470399e-02
67 1.680308e-02
68 2.423324e-02
68 1.420744e-02
68 3.151061e-03
69 7.022586e-02
69 -3.034524e-02
69 8.928651e-02
70 1.656669e-03
70 -1.049544e-03
70 -3.045753e-02
71 -4.808108e-02
71 2.507467e-02
71 -9.887231e-02
72 -7.022586e-02
72 3.034524e-02
72 8.928651e-02
73 4.550770e-02
73 6.065084e-02
73 1.222183e-02
74 -2.547095e-02
74 -1.425768e-02
74 2.026248e-03
75 -2.423324e-02
75 8.679253e-03
75 1.973564e-02
76 2.547095e-02
76 -8.141966e-03
76 2.037340e-02
77 6.978279e-02
77 -2.858804e-02
77 -8.771400e-02
78 7.317953e-04
78 -1.237334e-03
78 -3.067767e-02
79 -4.550770e-02
79 -6.065084e-02
79 1.222183e-02
80 -6.978279e-02
80 2.956298e-02
80 8.673906e-02
81 4.256729e-02
81 -3.580239e-02
81 8.207713e-02
82 -2.659402e-02
82 -1.425225e-02
82 1.120236e-03
83 1.408691e-04
83 1.345721e-03
83 -3.085211e-02
84 2.659402e-02
84 1.425225e-02
84 1.120236e-03
85 6.892404e-02
85 5.610334e-02
85 1.120673e-03
86 -1.408691e-04
86 -1.345721e-03
86 -3.085211e-02
87 -4.256729e-02
87 2.313737e-02
87 -9.474215e-02
88 -6.892404e-02
88 2.861201e-02
88 8.359468e-02
89 3.925991e-02
89 5.685415e-02
89 1.317786e-02
90 -2.757829e-02
90 6.845865e-03
90 -2.145593e-02
91 1.010931e-03
91 1.330190e-03
91 -3.094131e-02
92 2.757829e-02
92 -7.305035e-03
92 2.099676e-02
93 6.766895e-02
93 5.367693e-02
93 1.327470e-03
94 -1.010931e-03
94 -1.330190e-03
94 -3.094131e-02
95 -3.925991e-02
95 -5.685415e-02
95 1.317786e-02
96 -6.766895e-02
96 2.750220e-02
96 7.985165e-02
97 3.556537e-02
97 -3.408355e-02
97 7.469773e-02
98 -2.840868e-02
98 6.937292e-03
98 -2.090543e-02
99 1.923215e-03
99 1.159625e-03
99 -3.090673e-02
100 2.840868e-02
100 -6.937292e-03
100 -2.090543e-02
101 6.602079e-02
101 -2.623137e-02
101 7.548692e-02
102 -1.923215e-03
102 -1.487355e-02
102 1.719281e-02
103 -3.556537e-02
103 3.408355e-02
103 7.469773e-02
104 -6.602079e-02
104 2.462777e-02
104 -7.709051e-02
105 3.145121e-02
105 5.153045e-02
105 1.446501e-02
106 -2.907717e-02
106 -1.354063e-02
106 -1.367648e-04
107 2.914992e-03
107 1.494788e-02
107 1.658442e-02
108 2.907717e-02
108 -6.838698e-03
108 -2.024256e-02
109 6.396718e-02
109 -2.478701e-02
109 7.046307e-02
110 -2.914992e-03
110 1.576615e-02
110 1.412961e-02
111 -3.145121e-02
111 -5.153045e-02
111 1.446501e-02
112 -6.396718e-02
112 -4.762504e-02
112 1.948983e-03
113 2.688104e-02
113 4.824507e-02
113 1.523307e-02
114 -2.957981e-02
114 6.565360e-03
114 -1.942602e-02
115 4.011734e-03
115 1.501184e-02
115 1.562668e-02
116 2.957981e-02
116 -6.430332e-03
116 1.956105e-02
117 6.148286e-02
117 -2.079530e-02
117 -6.709254e-02
118 -4.011734e-03
118 -3.074208e-04
118 -3.033110e-02
119 -2.688104e-02
119 1.650600e-02
119 -7.998414e-02
120 -6.148286e-02
120 2.314862e-02
120 6.473922e-02
121 2.182535e-02
121 4.450291e-02
121 1.605099e-02
122 -2.991449e-02
122 -1.228538e-02
122 -1.839252e-05
123 5.223508e-03
123 1.503975e-02
123 1.433569e-02
124 2.991449e-02
124 -6.151887e-03
124 -1.841888e-02
125 5.853397e-02
125 -2.129042e-02
125 5.828498e-02
126 -5.223508e-03
126 -1.503975e-02
126 1.433569e-02
127 -2.182535e-02
127 1.422596e-02
127 -7.477986e-02
128 -5.853397e-02
128 2.129042e-02
128 5.828498e-02
129 1.627570e-02
129 4.027837e-02
129 1.686362e-02
130 -3.008070e-02
130 5.764926e-03
130 1.708218e-02
131 6.540590e-03
131 1.499425e-02
131 1.276557e-02
132 3.008070e-02
132 1.142355e-02
132 1.063005e-04
133 5.508540e-02
133 3.514248e-02
133 3.226951e-03
134 -6.540590e-03
134 1.387991e-02
134 1.610859e-02
135 -1.627570e-02
135 -4.027837e-02
135 1.686362e-02
136 -5.508540e-02
136 1.918472e-02
136 5.110024e-02
137 1.026121e-02
137 3.556762e-02
137 1.758638e-02
138 -3.008250e-02
138 -1.044599e-02
138 8.793123e-05
139 7.925246e-03
139 1.482434e-02
139 1.101831e-02
140 3.008250e-02
140 -5.266959e-03
140 1.562501e-02
141 5.111559e-02
141 -1.322110e-02
141 -4.683504e-02
142 -7.925246e-03
142 -1.482434e-02
142 1.101831e-02
143 -1.026121e-02
143 8.990623e-03
143 -6.214462e-02
144 -5.111559e-02
144 -3.002807e-02
144 3.585866e-03
145 3.889018e-03
145 -2.425280e-02
145 3.656673e-02
146 -2.994110e-02
146 -9.426067e-03
146 -3.195153e-04
147 9.310646e-03
147 -1.187150e-02
147 1.705543e-02
148 2.994110e-02
148 9.426067e-03
148 -3.195153e-04
149 4.664866e-02
149 2.453534e-02
149 3.771360e-03
150 -9.310646e-03
150 1.187150e-02
150 1.705543e-02
151 -3.889018e-03
151 -3.040976e-02
151 1.809584e-02
152 -4.664866e-02
152 -2.453534e-02
152 3.771360e-03
153 -2.630032e-03
153 -3.370834e-03
153 -4.655276e-02
154 -2.972952e-02
154 -8.514369e-03
154 -1.435808e-03
155 1.054521e-02
155 1.382681e-02
155 7.835158e-03
156 2.972952e-02
156 -4.975088e-03
156 -1.205365e-02
157 4.182440e-02
157 -7.664581e-03
157 -3.013324e-02
158 -1.054521e-02
158 2.995826e-03
158 -2.465779e-02
159 2.630032e-03
159 -2.496180e-02
159 1.822013e-02
160 -4.182440e-02
160 -1.889891e-02
160 3.569747e-03
161 -8.731965e-03
161 1.951718e-02
161 1.771327e-02
162 -2.968882e-02
162 1.912581e-03
162 1.417011e-02
163 1.149455e-02
163 -1.010267e-02
163 1.553271e-02
164 2.968882e-02
164 -1.912581e-03
164 1.417011e-02
165 3.704011e-02
165 -5.422744e-03
165 -2.187460e-02
166 -1.149455e-02
166 -1.281769e-02
166 7.387657e-03
167 8.731965e-03
167 9.019561e-04
167 -3.813241e-02
168 -3.704011e-02
168 5.422744e-03
168 -2.187460e-02
169 -1.380461e-02
169 1.505245e-02
169 1.618779e-02
170 -3.047289e-02
170 9.068184e-03
170 -8.513514e-03
171 1.134554e-02
171 1.129590e-02
171 8.794523e-03
172 3.047289e-02
172 8.790849e-03
172 -9.345520e-03
173 3.323030e-02
173 -5.092555e-03
173 1.460697e-02
174 -1.134554e-02
174 1.250687e-03
174 -2.134111e-02
175 1.380461e-02
175 -5.676697e-04
175 -3.067257e-02
176 -3.323030e-02
176 5.092555e-03
176 1.460697e-02
177 -1.483329e-02
177 1.222954e-02
177 1.273323e-02
178 -3.404670e-02
178 -1.262709e-02
178 -2.409675e-02
179 1.048762e-02
179 -1.286325e-02
179 5.406825e-03
180 3.404670e-02
180 5.734830e-03
180 3.098901e-02
181 3.224946e-02
181 -6.401364e-03
181 -1.272453e-02
182 -1.048762e-02
182 -3.728213e-03
182 -2.199829e-02
183 1.483329e-02
183 -1.222954e-02
183 1.273323e-02
184 -3.224946e-02
184 3.161582e-03
184 1.596431e-02
185 -1.310027e-02
185 -1.082883e-02
185 2.235258e-02
186 -4.486229e-02
186 -2.368950e-02
186 -4.798793e-02
187 1.949889e-03
187 5.205606e-03
187 3.263861e-02
188 4.486229e-02
188 2.368950e-02
188 -4.798793e-02
189 3.773103e-02
189 1.567149e-02
189 -1.856544e-02
190 1.310027e-02
190 5.761874e-03
190 -2.741954e-02
191 -1.949889e-03
191 1.892211e-02
191 -8.510896e-03
192 -3.773103e-02
192 -1.446979e-03
192 3.278995e-02
193 1.191833e-02
193 1.965758e-02
193 -1.891053e-02
194 -7.757709e-02
194 -6.108824e-02
194 1.569266e-01
195 7.337265e-04
195 5.142650e-02
195 -4.048772e-02
196 7.757709e-02
196 6.108824e-02
196 1.569266e-01
197 5.254276e-02
197 2.999272e-02
197 -3.327111e-02
198 -1.191833e-02
198 1.928406e-02
198 -2.003111e-02
199 -7.337265e-04
199 -5.142650e-02
199 -4.048772e-02
200 -5.254276e-02
200 -1.639195e-03
200 6.162463e-02
10800.000000
1 2.905860e-02
1 -1.439958e-02
1 3.971157e-02
2 2.237794e-02
2 2.697101e-02
2 1.248269e-02
3 2.560062e-04
3 1.816443e-03
3 1.105665e-02
4 3.683256e-03
4 6.174263e-03
4 -1.125513e-02
5 -2.560062e-04
5 6.436544e-03
5 -2.803658e-03
6 -3.683256e-03
6 -6.174263e-03
6 -1.125513e-02
7 -2.905860e-02
7 1.265599e-02
7 -4.145515e-02
8 -2.489944e-02
8 1.118787e-02
8 -4.516559e-02
9 2.489944e-02
9 -1.698886e-02
9 3.936460e-02
10 -1.638550e-03
10 -3.309485e-03
10 -7.277197e-04
11 4.679263e-03
11 4.385262e-03
11 -6.130976e-03
12 3.115273e-02
12 -1.364555e-02
12 -4.298752e-02
13 1.638550e-03
13 -2.018602e-03
13 -4.600367e-03
14 2.734731e-03
14 -1.524400e-03
14 -4.514614e-03
15 -2.237794e-02
15 -2.697101e-02
15 1.248269e-02
16 -3.115273e-02
16 -2.831653e-02
16 1.025429e-03
17 2.353261e-02
17 2.930318e-02
17 5.515241e-03
18 -2.734731e-03
18 1.495107e-03
18 4.543907e-03
19 4.998977e-03
19 3.419876e-03
19 -5.471204e-03
20 -4.679263e-03
20 -4.385262e-03
20 -6.130976e-03
21 3.269863e-02
21 -1.456528e-02
21 4.207864e-02
22 3.705308e-03
22 -2.169548e-03
22 4.146401e-03
23 -2.353261e-02
23 1.189397e-02
23 -4.671239e-02
24 -3.269863e-02
24 -2.832196e-02
24 8.085972e-04
25 2.138004e-02
25 2.878878e-02
25 6.063321e-03
26 -3.705308e-03
26 9.884264e-04
26 -5.327523e-03
27 6.740254e-03
27 3.567961e-03
27 -6.081623e-03
28 -4.998977e-03
28 4.445540e-03
28 -2.394211e-03
29 3.324860e-02
29 2.722243e-02
29 1.200948e-03
30 -6.740254e-03
30 -1.256831e-03
30 8.392753e-03
31 -2.138004e-02
31 1.136273e-02
31 -4.621483e-02
32 -3.324860e-02
32 1.421169e-02
32 4.023318e-02
33 1.815322e-02
33 2.759356e-02
33 7.226830e-03
34 -4.413085e-03
34 3.187979e-03
34 4.234854e-03
35 8.776356e-03
35 3.673069e-03
35 -7.756383e-03
36 4.413085e-03
36 -5.234375e-04
36 -6.899396e-03
37 3.320070e-02
37 -1.185790e-02
37 -3.888050e-02
38 -8.776356e-03
38 -3.673069e-03
38 -7.756383e-03
39 -1.815322e-02
39 1.018337e-02
39 -4.500376e-02
40 -3.320070e-02
40 -2.536920e-02
40 1.653395e-03
41 1.426304e-02
41 -1.710027e-02
41 3.418318e-02
42 -5.071569e-03
42 4.352786e-03
42 4.287085e-03
43 1.115938e-02
43 2.971990e-03
43 1.071198e-02
44 5.071569e-03
44 -4.352786e-03
44 4.287085e-03
45 3.254637e-02
45 2.285803e-02
45 2.191850e-03
46 -1.115938e-02
46 -2.971990e-03
46 1.071198e-02
47 -1.426304e-02
47 -2.564172e-02
47 8.558815e-03
48 -3.254637e-02
48 -2.285803e-02
48 2.191850e-03
49 9.762921e-03
49 -6.568413e-03
49 -3.966697e-02
50 -5.715068e-03
50 5.554323e-03
50 4.298059e-03
51 1.361985e-02
51 4.036133e-03
51 -1.202748e-02
52 5.715068e-03
52 -5.554323e-03
52 4.298059e-03
53 3.136075e-02
53 -8.532931e-03
53 -3.105806e-02
54 -1.361985e-02
54 -3.995675e-03
54 1.206794e-02
55 -9.762921e-03
55 1.654928e-02
55 2.968611e-02
56 -3.136075e-02
56 1.126256e-02
56 2.832843e-02
57 4.787683e-03
57 2.006701e-02
57 1.139791e-02
58 -6.393478e-03
58 -1.247744e-03
58 -1.216164e-02
59 1.606676e-02
59 4.993193e-03
59 1.339194e-02
60 6.393478e-03
60 1.247744e-03
60 -1.216164e-02
61 2.966730e-02
61 -6.498365e-03
61 -2.600878e-02
62 -1.606676e-02
62 -4.199374e-03
62 -1.418576e-02
63 -4.787683e-03
63 -2.006701e-02
63 1.139791e-02
64 -2.966730e-02
64 -1.625357e-02
64 3.256844e-03
65 -5.708201e-04
65 1.657116e-02
65 1.278155e-02
66 2.052225e-02
66 6.704978e-03
66 1.577618e-02
67 1.839094e-02
67 4.358945e-03
67 -1.618315e-02
68 7.120173e-03
68 -7.745357e-03
68 4.045768e-03
69 2.750926e-02
69 -8.033963e-03
69 1.658826e-02
70 -1.839094e-02
70 1.027105e-02
70 1.553159e-03
71 5.708201e-04
71 1.894802e-03
71 -3.124751e-02
72 -2.750926e-02
72 8.033963e-03
72 1.658826e-02
73 -6.205364e-03
73 1.270191e-02
73 1.411264e-02
74 -7.903257e-03
74 8.632258e-03
74 3.834833e-03
75 -7.120173e-03
75 -1.849794e-03
75 -1.364092e-02
76 7.903257e-03
76 2.398713e-03
76 -1.486580e-02
77 2.493532e-02
77 -1.912007e-03
77 -1.418847e-02
78 -2.052225e-02
78 1.124058e-02
78 2.169376e-03
79 6.205364e-03
79 -1.270191e-02
79 1.411264e-02
80 -2.493532e-02
80 6.138233e-03
80 9.962247e-03
81 -1.200931e-02
81 -1.196382e-02
81 5.122604e-03
82 -8.743623e-03
82 9.332734e-03
82 3.611859e-03
83 2.240094e-02
83 -1.208682e-02
83 2.595232e-03
84 8.743623e-03
84 -9.332734e-03
84 3.611859e-03
85 2.200740e-02
85 3.560434e-03
85 4.661927e-03
86 -2.240094e-02
86 1.208682e-02
86 2.595232e-03
87 1.200931e-02
87 -3.420609e-03
87 -2.050704e-02
88 -2.200740e-02
88 4.111181e-03
88 3.009687e-03
89 -1.787177e-02
89 4.183515e-03
89 1.659078e-02
90 -9.641182e-03
90 -6.612630e-03
90 1.302975e-02
91 2.398201e-02
91 -1.280070e-02
91 2.789738e-03
92 9.641182e-03
92 3.208560e-03
92 -1.643382e-02
93 1.879607e-02
93 -1.064443e-03
93 5.061492e-03
94 -2.398201e-02
94 1.280070e-02
94 2.789738e-03
95 1.787177e-02
95 -4.183515e-03
95 1.659078e-02
96 -1.879607e-02
96 1.998524e-03
96 -4.127411e-03
97 -2.368191e-02
97 -8.719733e-03
97 -9.288366e-03
98 -1.059562e-02
98 -6.652849e-03
98 1.350288e-02
99 2.523016e-02
99 -1.337336e-02
99 2.722490e-03
100 1.059562e-02
100 6.652849e-03
100 1.350288e-02
101 1.537882e-02
101 1.537839e-04
101 -1.130237e-02
102 -2.523016e-02
102 -5.325436e-03
102 -2.142129e-02
103 2.368191e-02
103 8.719733e-03
103 -9.288366e-03
104 -1.537882e-02
104 -5.574292e-03
104 5.881860e-03
105 -2.933028e-02
105 -4.765587e-03
105 1.877164e-02
106 -1.160654e-02
106 1.008793e-02
106 3.087924e-03
107 2.611901e-02
107 5.710953e-03
107 -2.187761e-02
108 1.160654e-02
108 6.587929e-03
108 1.358794e-02
109 1.183797e-02
109 2.300689e-03
109 -1.836536e-02
110 -2.611901e-02
110 -8.083328e-03
110 1.950523e-02
111 2.933028e-02
111 4.765587e-03
111 1.877164e-02
112 -1.183797e-02
112 1.033303e-02
112 5.731647e-03
113 -3.470787e-02
113 -9.163524e-03
113 1.971991e-02
114 -1.267197e-02
114 -6.410758e-03
114 1.327426e-02
115 2.663145e-02
115 6.161601e-03
115 -2.194093e-02
116 1.267197e-02
116 3.431753e-03
116 -1.625327e-02
117 8.262508e-03
117 1.038165e-02
117 1.917533e-02
118 -2.663145e-02
118 1.405126e-02
118 1.728061e-03
119 3.470787e-02
119 -1.444172e-02
119 3.885330e-03
120 -8.262508e-03
120 -4.396839e-03
120 -2.516013e-02
121 -3.970277e-02
121 -1.337268e-02
121 2.055525e-02
122 -1.378631e-02
122 9.340191e-03
122 2.895041e-03
123 2.675896e-02
123 6.672027e-03
123 -2.159599e-02
124 1.378631e-02
124 6.117616e-03
124 1.256277e-02
125 4.756472e-03
125 6.394413e-03
125 -3.150923e-02
126 -2.675896e-02
126 -6.672027e-03
126 -2.159599e-02
127 3.970277e-02
127 -1.696396e-02
127 9.781392e-03
128 -4.756472e-03
128 -6.394413e-03
128 -3.150923e-02
129 -4.417966e-02
129 -1.726953e-02
129 2.127021e-02
130 -1.494132e-02
130 -2.888043e-03
130 -1.428592e-02
131 2.651152e-02
131 7.233972e-03
131 -2.083104e-02
132 1.494132e-02
132 -8.586979e-03
132 2.810892e-03
133 1.458231e-03
133 -2.270896e-02
133 6.248987e-03
134 -2.651152e-02
134 -6.798533e-03
134 2.126648e-02
135 4.417966e-02
135 1.726953e-02
135 2.127021e-02
136 -1.458231e-03
136 -8.229987e-03
136 -3.718794e-02
137 -4.797409e-02
137 -2.066944e-02
137 2.186899e-02
138 -1.613351e-02
138 7.588013e-03
138 2.720248e-03
139 2.589366e-02
139 7.835488e-03
139 -1.965787e-02
140 1.613351e-02
140 2.433883e-03
140 -1.274214e-02
141 -1.421404e-03
141 1.601120e-02
141 3.566683e-02
142 -2.589366e-02
142 -7.835488e-03
142 -1.965787e-02
143 4.797409e-02
143 -2.126921e-02
143 2.006966e-02
144 1.421404e-03
144 2.583901e-02
144 6.183377e-03
145 -5.077202e-02
145 4.874403e-04
145 -4.616996e-02
146 -1.740618e-02
146 6.315887e-03
146 2.377000e-03
147 2.497575e-02
147 4.756035e-03
147 2.168894e-02
148 1.740618e-02
148 -6.315887e-03
148 2.377000e-03
149 -3.543755e-03
149 -2.800361e-02
149 5.946782e-03
150 -2.497575e-02
150 -4.756035e-03
150 2.168894e-02
151 5.077202e-02
151 2.332870e-02
151 2.235382e-02
152 3.543755e-03
152 2.800361e-02
152 5.946782e-03
153 -5.225926e-02
153 2.371393e-02
153 2.571819e-02
154 -1.891960e-02
154 4.623453e-03
154 1.696798e-03
155 2.360289e-02
155 9.088717e-03
155 -1.573597e-02
156 1.891960e-02
156 3.160125e-03
156 6.086780e-03
157 -4.341527e-03
157 1.692157e-02
157 4.039671e-02
158 -2.360289e-02
158 1.241235e-02
158 -5.765089e-03
159 5.225926e-02
159 2.471606e-02
159 2.271181e-02
160 4.341527e-03
160 2.865914e-02
160 5.184006e-03
161 -5.130799e-02
161 -2.441872e-02
161 2.272911e-02
162 -2.123764e-02
162 -1.767670e-03
162 -2.311980e-03
163 2.208502e-02
163 1.004491e-03
163 2.037642e-02
164 2.123764e-02
164 1.767670e-03
164 -2.311980e-03
165 -2.970518e-03
165 1.553337e-02
165 3.834540e-02
166 -2.208502e-02
166 -9.685963e-03
166 -1.169495e-02
167 5.130799e-02
167 -2.357391e-02
167 2.526352e-02
168 2.970518e-03
168 -1.553337e-02
168 3.834540e-02
169 -4.803613e-02
169 -2.051687e-02
169 2.199567e-02
170 -2.553664e-02
170 4.668227e-03
170 -6.183981e-04
171 1.849910e-02
171 9.976717e-03
171 -5.478854e-03
172 2.553664e-02
172 2.643313e-03
172 -6.693142e-03
173 1.949220e-03
173 1.068030e-02
173 -3.257052e-02
174 -1.849910e-02
174 7.727786e-03
174 -1.222565e-02
175 4.803613e-02
175 -2.125627e-02
175 1.977747e-02
176 -1.949220e-03
176 -1.068030e-02
176 -3.257052e-02
177 -3.704830e-02
177 -1.430421e-02
177 1.846273e-02
178 -3.518180e-02
178 -1.214479e-02
178 -2.982952e-02
179 1.572870e-02
179 -1.113636e-02
179 8.773596e-03
180 3.518180e-02
180 8.842363e-03
180 3.313195e-02
181 1.176573e-02
181 4.206194e-03
181 1.790934e-02
182 -1.572870e-02
182 -1.181381e-03
182 -2.109134e-02
183 3.704830e-02
183 1.430421e-02
183 1.846273e-02
184 -1.176573e-02
184 -6.851572e-03
184 -1.526396e-02
185 -2.763221e-02
185 -6.496122e-03
185 9.254681e-04
186 -5.511551e-02
186 -3.151372e-02
186 -5.707678e-02
187 -1.863085e-03
187 6.753066e-03
187 3.765703e-02
188 5.511551e-02
188 3.151372e-02
188 -5.707678e-02
189 2.930158e-02
189 5.658306e-03
189 -2.529849e-02
190 2.763221e-02
190 -2.785327e-03
190 -1.020692e-02
191 1.863085e-03
191 2.220505e-02
191 -8.698915e-03
192 -2.930158e-02
192 -9.820093e-03
192 2.113670e-02
193 1.600489e-02
193 7.818857e-03
193 -2.567713e-02
194 -1.026143e-01
194 -8.189017e-02
194 2.148845e-01
195 1.291726e-03
195 7.140808e-02
195 -6.235800e-02
196 1.026143e-01
196 8.189017e-02
196 2.148845e-01
197 5.031007e-02
197 2.550695e-02
197 -3.288174e-02
198 -1.600489e-02
198 1.674799e-02
198 1.110279e-03
199 -1.291726e-03
199 -7.140808e-02
199 -6.235800e-02
200 -5.031007e-02
200 -3.687398e-03
200 5.470130e-02
14400.000000
1 -5.878967e-02
1 2.841288e-02
1 -9.163417e-02
2 -5.599678e-02
2 -6.022806e-02
2 -3.204709e-03
3 1.995926e-02
3 2.291841e-02
3 -3.531129e-04
4 2.067796e-02
4 -1.168143e-02
4 -3.295976e-02
5 -1.995926e-02
5 1.128265e-02
5 3.455417e-02
6 -2.067796e-02
6 1.168143e-02
6 -3.295976e-02
7 5.878967e-02
7 -3.161064e-02
7 8.843641e-02
8 5.918531e-02
8 -3.083706e-02
8 9.041700e-02
9 -5.918531e-02
9 2.978997e-02
9 -9.146410e-02
10 1.952008e-02
10 -1.254146e-02
10 3.340739e-02
11 2.052226e-02
11 -1.081589e-02
11 -3.523034e-02
12 -5.891682e-02
12 3.234072e-02
12 8.979522e-02
13 -1.952008e-02
13 1.043296e-02
13 -3.551588e-02
14 -1.859751e-02
14 9.880438e-03
14 -3.548061e-02
15 5.599678e-02
15 6.022806e-02
15 -3.204709e-03
16 5.891682e-02
16 6.106797e-02
16 3.613470e-03
17 -6.067965e-02
17 -6.154902e-02
17 2.234281e-03
18 1.859751e-02
18 2.268052e-02
18 2.919646e-03
19 2.097849e-02
19 -9.690003e-03
19 -3.564334e-02
20 -2.052226e-02
20 1.081589e-02
20 -3.523034e-02
21 -5.908279e-02
21 2.893435e-02
21 -9.488615e-02
22 -1.753966e-02
22 -2.222664e-02
22 3.865200e-03
23 6.067965e-02
23 -3.189165e-02
23 9.120639e-02
24 5.908279e-02
24 6.191025e-02
24 4.041548e-03
25 -6.218547e-02
25 -6.210180e-02
25 3.431417e-03
26 1.753966e-02
26 -9.180721e-03
26 -3.527256e-02
27 2.101394e-02
27 -8.807172e-03
27 -3.574314e-02
28 -2.097849e-02
28 1.297667e-02
28 3.235667e-02
29 -5.903849e-02
29 -6.258981e-02
29 4.392585e-03
30 -2.101394e-02
30 -2.227516e-02
30 4.660812e-03
31 6.218547e-02
31 -3.276661e-02
31 9.143699e-02
32 5.903849e-02
32 -2.909861e-02
32 -9.608101e-02
33 -6.360678e-02
33 -6.259704e-02
33 4.648902e-03
34 1.630437e-02
34 2.164168e-02
34 4.826742e-03
35 2.101504e-02
35 -7.777075e-03
35 -3.561623e-02
36 -1.630437e-02
36 8.407471e-03
36 -3.487590e-02
37 -5.888470e-02
37 3.398454e-02
37 9.240481e-02
38 -2.101504e-02
38 7.777075e-03
38 -3.561623e-02
39 6.360678e-02
39 -3.362297e-02
39 9.157112e-02
40 5.888470e-02
40 6.319467e-02
40 4.774409e-03
41 -6.497906e-02
41 2.853463e-02
41 -9.748443e-02
42 1.491976e-02
42 2.094594e-02
42 5.790772e-03
43 2.097000e-02
43 2.099373e-02
43 7.675326e-03
44 -1.491976e-02
44 -2.094594e-02
44 5.790772e-03
45 -5.860710e-02
45 -6.371260e-02
45 5.168392e-03
46 -2.097000e-02
46 -2.099373e-02
46 7.675326e-03
47 6.497906e-02
47 6.300953e-02
47 5.940270e-03
48 5.860710e-02
48 6.371260e-02
48 5.168392e-03
49 -6.627930e-02
49 3.529981e-02
49 9.134878e-02
50 1.339518e-02
50 2.013935e-02
50 6.713385e-03
51 2.087654e-02
51 -5.472794e-03
51 -3.487041e-02
52 -1.339518e-02
52 -2.013935e-02
52 6.713385e-03
53 -5.819518e-02
53 3.484013e-02
53 9.340939e-02
54 -2.087654e-02
54 -2.017160e-02
54 9.226013e-03
55 6.627930e-02
55 -2.802449e-02
55 -9.862411e-02
56 5.819518e-02
56 -2.928463e-02
56 -9.896489e-02
57 -6.747513e-02
57 -6.352812e-02
57 8.614837e-03
58 1.173710e-02
58 -5.836308e-03
58 -3.259988e-02
59 2.072643e-02
59 1.922470e-02
59 1.074539e-02
60 -1.173710e-02
60 5.836308e-03
60 -3.259988e-02
61 -5.764596e-02
61 3.516825e-02
61 9.365924e-02
62 -2.072643e-02
62 4.239659e-03
62 -3.420975e-02
63 6.747513e-02
63 6.352812e-02
63 8.614837e-03
64 5.764596e-02
64 6.441375e-02
64 5.922761e-03
65 -6.854227e-02
65 -6.360382e-02
65 9.925485e-03
66 2.019275e-02
66 1.696661e-02
66 1.351301e-02
67 2.050209e-02
67 -2.984871e-03
67 -3.332612e-02
68 -9.960057e-03
68 -1.818191e-02
68 8.260274e-03
69 -5.695836e-02
69 2.915451e-02
69 -9.997446e-02
70 -2.050209e-02
70 1.517062e-02
70 2.114037e-02
71 6.854227e-02
71 -3.676465e-02
71 9.044299e-02
72 5.695836e-02
72 -2.915451e-02
72 -9.997446e-02
73 -6.945519e-02
73 -6.354149e-02
73 1.117692e-02
74 8.081863e-03
74 1.703430e-02
74 8.839422e-03
75 9.960057e-03
75 -4.960816e-03
75 -3.140299e-02
76 -8.081863e-03
76 4.097438e-03
76 -2.997116e-02
77 -5.613627e-02
77 3.555472e-02
77 9.357571e-02
78 -2.019275e-02
78 1.523981e-02
78 1.869341e-02
79 6.945519e-02
79 6.354149e-02
79 1.117692e-02
80 5.613627e-02
80 -2.901049e-02
80 -1.001199e-01
81 -7.019138e-02
81 2.549166e-02
81 -1.011696e-01
82 6.125873e-03
82 1.578380e-02
82 9.279122e-03
83 1.978951e-02
83 -1.518512e-02
83 1.614970e-02
84 -6.125873e-03
84 -1.578380e-02
84 9.279122e-03
85 -5.518303e-02
85 -6.440429e-02
85 6.781722e-03
86 -1.978951e-02
86 1.518512e-02
86 1.614970e-02
87 7.019138e-02
87 -3.783898e-02
87 8.882229e-02
88 5.518303e-02
88 -2.881129e-02
88 -9.999730e-02
89 -7.072724e-02
89 -6.296073e-02
89 1.342155e-02
90 4.119236e-03
90 -1.201507e-02
90 1.687254e-02
91 1.928927e-02
91 -1.500710e-02
91 1.353570e-02
92 -4.119236e-03
92 2.428736e-03
92 -2.645887e-02
93 -5.409949e-02
93 -6.406838e-02
93 6.963861e-03
94 -1.928927e-02
94 1.500710e-02
94 1.353570e-02
95 7.072724e-02
95 6.296073e-02
95 1.342155e-02
96 5.409949e-02
96 -2.855226e-02
96 -9.958450e-02
97 -7.103663e-02
97 2.401227e-02
97 -1.008220e-01
98 2.093116e-03
98 -1.140657e-02
98 1.465965e-02
99 1.869448e-02
99 -1.471443e-02
99 1.088016e-02
100 -2.093116e-03
100 1.140657e-02
100 1.465965e-02
101 -5.287979e-02
101 2.822484e-02
101 -9.885315e-02
102 -1.869448e-02
102 -1.917137e-03
102 -2.751173e-02
103 7.103663e-02
103 -2.401227e-02
103 -1.008220e-01
104 5.287979e-02
104 -3.531416e-02
104 9.176383e-02
105 -7.108775e-02
105 -6.167734e-02
105 1.526289e-02
106 8.254169e-05
106 1.157664e-02
106 9.892334e-03
107 1.801477e-02
107 3.055555e-03
107 -2.559437e-02
108 -8.254169e-05
108 1.073449e-02
108 1.241879e-02
109 -5.150587e-02
109 2.781456e-02
109 -9.776099e-02
110 -1.801477e-02
110 -1.126941e-02
110 1.738052e-02
111 7.108775e-02
111 6.167734e-02
111 1.526289e-02
112 5.150587e-02
112 6.278778e-02
112 7.158651e-03
113 -7.083623e-02
113 -6.070527e-02
113 1.604554e-02
114 -1.873922e-03
114 -1.003492e-02
114 1.017718e-02
115 1.727038e-02
115 4.148141e-03
115 -2.358290e-02
116 1.873922e-03
116 7.113014e-05
116 -2.014097e-02
117 -4.993917e-02
117 3.447196e-02
117 8.906561e-02
118 -1.727038e-02
118 1.386552e-02
118 5.569237e-03
119 7.083623e-02
119 -3.837540e-02
119 8.303514e-02
120 4.993917e-02
120 -2.729683e-02
120 -9.624075e-02
121 -7.022007e-02
121 -5.943865e-02
121 1.676578e-02
122 -3.735921e-03
122 8.658691e-03
122 1.004763e-02
123 1.648927e-02
123 5.194886e-03
123 -2.155209e-02
124 3.735921e-03
124 9.353160e-03
124 7.964222e-03
125 -4.810766e-02
125 2.663538e-02
125 -9.417808e-02
126 -1.648927e-02
126 -5.194886e-03
126 -2.155209e-02
127 7.022007e-02
127 -3.810221e-02
127 8.077509e-02
128 4.810766e-02
128 -2.663538e-02
128 -9.417808e-02
129 -6.913234e-02
129 -5.778350e-02
129 1.745661e-02
130 -5.470440e-03
130 1.443241e-03
130 -1.598554e-02
131 1.572113e-02
131 6.198492e-03
131 -1.956897e-02
132 5.470440e-03
132 -7.271151e-03
132 1.015763e-02
133 -4.588934e-02
133 -5.857981e-02
133 7.044462e-03
134 -1.572113e-02
134 -6.685241e-03
134 1.908223e-02
135 6.913234e-02
135 5.778350e-02
135 1.745661e-02
136 4.588934e-02
136 -2.576767e-02
136 -9.139195e-02
137 -6.743814e-02
137 -5.556797e-02
137 1.815376e-02
138 -7.067747e-03
138 5.960906e-03
138 1.031933e-02
139 1.498785e-02
139 7.156458e-03
139 -1.770987e-02
140 7.067747e-03
140 -2.179210e-03
140 -1.410102e-02
141 -4.308660e-02
141 3.147207e-02
141 8.072480e-02
142 -1.498785e-02
142 -7.156458e-03
142 -1.770987e-02
143 6.743814e-02
143 -3.686086e-02
143 7.427508e-02
144 4.308660e-02
144 5.609843e-02
144 6.845698e-03
145 -6.483789e-02
145 1.687195e-02
145 -8.832514e-02
146 -8.599093e-03
146 4.682541e-03
146 1.019520e-02
147 1.438612e-02
147 3.890708e-03
147 2.002541e-02
148 8.599093e-03
148 -4.682541e-03
148 1.019520e-02
149 -3.941207e-02
149 -5.267859e-02
149 6.560033e-03
150 -1.438612e-02
150 -3.890708e-03
150 2.002541e-02
151 6.483789e-02
151 5.259855e-02
151 1.885464e-02
152 3.941207e-02
152 5.267859e-02
152 6.560033e-03
153 -6.115962e-02
153 3.395894e-02
153 6.285618e-02
154 -1.027043e-02
154 3.240653e-03
154 9.731295e-03
155 1.367108e-02
155 8.880047e-03
155 -1.391279e-02
156 1.027043e-02
156 6.485974e-03
156 -4.668430e-06
157 -3.443815e-02
157 2.686049e-02
157 6.899131e-02
158 -1.367108e-02
158 1.139642e-02
158 -6.363673e-03
159 6.115962e-02
159 4.840756e-02
159 1.951032e-02
160 3.443815e-02
160 4.792590e-02
160 5.795078e-03
161 -5.540071e-02
161 -4.291488e-02
161 1.978535e-02
162 -1.270232e-02
162 2.670770e-03
162 -4.901417e-03
163 1.320567e-02
163 4.113657e-04
163 1.958567e-02
164 1.270232e-02
164 -2.670770e-03
164 -4.901417e-03
165 -2.768601e-02
165 2.314846e-02
165 5.947988e-02
166 -1.320567e-02
166 -9.587153e-03
166 -1.040988e-02
167 5.540071e-02
167 -3.135012e-02
167 5.447965e-02
168 2.768601e-02
168 -2.314846e-02
168 5.947988e-02
169 -4.841345e-02
169 -3.450096e-02
169 1.926417e-02
170 -1.691636e-02
170 5.158613e-04
170 -5.117062e-03
171 1.070669e-02
171 9.850732e-03
171 -5.314081e-03
172 1.691636e-02
172 2.816462e-03
172 1.784739e-03
173 -1.839273e-02
173 1.538479e-02
173 -4.914238e-02
174 -1.070669e-02
174 7.582407e-03
174 -1.211906e-02
175 4.841345e-02
175 -2.688257e-02
175 4.211936e-02
176 1.839273e-02
176 -1.538479e-02
176 -4.914238e-02
177 -3.519582e-02
177 -2.572513e-02
177 1.585151e-02
178 -2.577719e-02
178 -1.079565e-02
178 -1.993413e-02
179 9.711522e-03
179 -1.028916e-02
179 9.403545e-03
180 2.577719e-02
180 4.569239e-03
180 2.616054e-02
181 -6.423772e-03
181 1.013908e-02
181 3.022288e-02
182 -9.711522e-03
182 -4.428075e-04
182 -2.013551e-02
183 3.519582e-02
183 2.572513e-02
183 1.585151e-02
184 6.423772e-03
184 -1.004190e-02
184 -3.032005e-02
185 -2.729264e-02
185 -2.775897e-04
185 -1.535601e-02
186 -4.221803e-02
186 -2.640886e-02
186 -3.833637e-02
187 -5.969320e-03
187 6.835353e-03
187 2.995665e-02
188 4.221803e-02
188 2.640886e-02
188 -3.833637e-02
189 9.729976e-03
189 -5.457057e-03
189 -1.924826e-02
190 2.729264e-02
190 -7.816800e-03
190 7.261621e-03
191 5.969320e-03
191 1.839600e-02
191 -4.725293e-03
192 -9.729976e-03
192 -1.235266e-02
192 1.438546e-03
193 9.992234e-03
193 -7.484790e-03
193 -2.051201e-02
194 -7.881305e-02
194 -6.197077e-02
194 1.686727e-01
195 1.018052e-03
195 5.706415e-02
195 -5.533225e-02
196 7.881305e-02
196 6.197077e-02
196 1.686727e-01
197 2.423273e-02
197 8.132063e-03
197 -1.827243e-02
198 -9.992234e-03
198 6.513611e-03
198 2.148319e-02
199 -1.018052e-03
199 -5.706415e-02
199 -5.533225e-02
200 -2.423273e-02
200 -5.070182e-03
200 2.133431e-02
18000.000000
1 -1.102881e-01
1 5.335000e-02
1 -1.653520e-01
2 -1.009151e-01
2 -1.098218e-01
2 -1.279154e-02
3 1.049651e-02
3 1.135093e-02
3 -7.221023e-03
4 7.046461e-03
4 -1.125485e-02
4 -8.511578e-03
5 -1.049651e-02
5 2.064954e-03
5 2.063691e-02
6 -7.046461e-03
6 1.125485e-02
6 -8.511578e-03
7 1.102881e-01
7 -5.600101e-02
7 1.627010e-01
8 1.059248e-01
8 -5.443427e-02
8 1.672278e-01
9 -1.059248e-01
9 5.639675e-02
9 -1.652653e-01
10 1.265393e-02
10 -7.345804e-03
10 1.834883e-02
11 6.543436e-03
11 -8.701614e-03
11 -1.724330e-02
12 -1.117539e-01
12 5.758802e-02
12 1.647042e-01
13 -1.265393e-02
13 5.501513e-03
13 -2.019312e-02
14 -1.339407e-02
14 4.635653e-03
14 -2.209689e-02
15 1.009151e-01
15 1.098218e-01
15 -1.279154e-02
16 1.117539e-01
16 1.111461e-01
16 4.029919e-03
17 -1.057984e-01
17 -1.123816e-01
17 6.882656e-05
18 1.339407e-02
18 1.336627e-02
18 4.094962e-03
19 7.837211e-03
19 -6.585086e-03
19 -2.001244e-02
20 -6.543436e-03
20 8.701614e-03
20 -1.724330e-02
21 -1.126518e-01
21 5.331883e-02
21 -1.698276e-01
22 -1.394856e-02
22 -1.346328e-02
22 5.735385e-03
23 1.057984e-01
23 -5.622519e-02
23 1.685379e-01
24 1.126518e-01
24 1.115732e-01
24 4.935551e-03
25 -1.051596e-01
25 -1.119517e-01
25 1.214903e-03
26 1.394856e-02
26 -3.863946e-03
26 -2.306261e-02
27 7.584586e-03
27 -6.066531e-03
27 -2.143463e-02
28 -7.837211e-03
28 6.713677e-03
28 1.988385e-02
29 -1.123165e-01
29 -1.108728e-01
29 5.097850e-03
30 -7.584586e-03
30 -1.375058e-02
30 1.617517e-03
31 1.051596e-01
31 -5.658330e-02
31 1.673201e-01
32 1.123165e-01
32 -5.288747e-02
32 -1.688581e-01
33 -1.036499e-01
33 -1.110143e-01
33 1.623088e-03
34 1.407467e-02
34 1.322070e-02
34 6.539301e-03
35 7.267384e-03
35 -5.526786e-03
35 -2.164298e-02
36 -1.407467e-02
36 3.340698e-03
36 -2.310070e-02
37 -1.114306e-01
37 5.739148e-02
37 1.617902e-01
38 -7.267384e-03
38 5.526786e-03
38 -2.164298e-02
39 1.036499e-01
39 -5.631869e-02
39 1.657099e-01
40 1.114306e-01
40 1.095909e-01
40 5.192099e-03
41 -1.017679e-01
41 5.380290e-02
41 -1.651382e-01
42 1.402579e-02
42 1.281730e-02
42 7.142543e-03
43 6.707924e-03
43 1.327424e-02
43 2.978463e-03
44 -1.402579e-02
44 -1.281730e-02
44 7.142543e-03
45 -1.100118e-01
45 -1.078315e-01
45 5.167663e-03
46 -6.707924e-03
46 -1.327424e-02
46 2.978463e-03
47 1.017679e-01
47 1.094706e-01
47 1.864776e-03
48 1.100118e-01
48 1.078315e-01
48 5.167663e-03
49 -9.952292e-02
49 5.476511e-02
49 1.603026e-01
50 1.381696e-02
50 1.230444e-02
50 7.559847e-03
51 6.114867e-03
51 -4.759741e-03
51 -2.085145e-02
52 -1.381696e-02
52 -1.230444e-02
52 7.559847e-03
53 -1.081735e-01
53 5.540042e-02
53 1.559865e-01
54 -6.114867e-03
54 -1.280560e-02
54 3.286115e-03
55 9.952292e-02
55 -5.276875e-02
55 -1.622990e-01
56 1.081735e-01
56 -5.029306e-02
56 -1.610939e-01
57 -9.698880e-02
57 -1.052234e-01
57 2.101316e-03
58 1.349208e-02
58 -1.920575e-03
58 -2.151466e-02
59 5.492105e-03
59 1.225280e-02
59 3.502282e-03
60 -1.349208e-02
60 1.920575e-03
60 -2.151466e-02
61 -1.059417e-01
61 5.411082e-02
61 1.523074e-01
62 -5.492105e-03
62 4.375259e-03
62 -2.013034e-02
63 9.698880e-02
63 1.052234e-01
63 2.101316e-03
64 1.059417e-01
64 1.032091e-01
64 5.012526e-03
65 -9.417633e-02
65 -1.025778e-01
65 2.193007e-03
66 4.243566e-03
66 1.093159e-02
66 3.810245e-03
67 4.867895e-03
67 -3.975112e-03
67 -1.927359e-02
68 -1.306234e-02
68 -1.106868e-02
68 8.102197e-03
69 -1.033449e-01
69 4.775375e-02
69 -1.530483e-01
70 -4.867895e-03
70 7.649237e-03
70 1.559946e-02
71 9.417633e-02
71 -5.238540e-02
71 1.527702e-01
72 1.033449e-01
72 -4.775375e-02
72 -1.530483e-01
73 -9.109643e-02
73 -9.961002e-02
73 2.280436e-03
74 1.253943e-02
74 1.036448e-02
74 8.250982e-03
75 1.306234e-02
75 -1.483243e-03
75 -2.065412e-02
76 -1.253943e-02
76 1.056751e-03
76 -1.967222e-02
77 -1.003992e-01
77 5.101569e-02
77 1.435458e-01
78 -4.243566e-03
78 7.370917e-03
78 1.449226e-02
79 9.109643e-02
79 9.961002e-02
79 2.280436e-03
80 1.003992e-01
80 -4.626503e-02
80 -1.482964e-01
81 -8.775069e-02
81 4.698252e-02
81 -1.456799e-01
82 1.193297e-02
82 9.610344e-03
82 8.332964e-03
83 3.621514e-03
83 -7.048384e-03
83 1.330949e-02
84 -1.193297e-02
84 -9.610344e-03
84 8.332964e-03
85 -9.711808e-02
85 -9.385521e-02
85 4.586822e-03
86 -3.621514e-03
86 7.048384e-03
86 1.330949e-02
87 8.775069e-02
87 -4.934867e-02
87 1.433137e-01
88 9.711808e-02
88 -4.463419e-02
88 -1.430762e-01
89 -8.413817e-02
89 -9.274578e-02
89 2.455191e-03
90 1.125521e-02
90 -8.589992e-03
90 9.038745e-03
91 3.003595e-03
91 -6.689310e-03
91 1.205825e-02
92 -1.125521e-02
92 2.243762e-04
92 -1.740436e-02
93 -9.350713e-02
93 -9.012556e-02
93 4.404473e-03
94 -3.003595e-03
94 6.689310e-03
94 1.205825e-02
95 8.413817e-02
95 9.274578e-02
95 2.455191e-03
96 9.350713e-02
96 -4.286055e-02
96 -1.373906e-01
97 -8.025056e-02
97 4.314956e-02
97 -1.345552e-01
98 1.052196e-02
98 -8.181510e-03
98 7.796926e-03
99 2.396778e-03
99 -6.305925e-03
99 1.074733e-02
100 -1.052196e-02
100 8.181510e-03
100 7.796926e-03
101 -8.956401e-02
101 4.093949e-02
101 -1.312322e-01
102 -2.396778e-03
102 2.220701e-03
102 -1.483255e-02
103 8.025056e-02
103 -4.314956e-02
103 -1.345552e-01
104 8.956401e-02
104 -4.514633e-02
104 1.270253e-01
105 -7.607384e-02
105 -8.464045e-02
105 2.673936e-03
106 9.752918e-03
106 7.153484e-03
106 8.389879e-03
107 1.814972e-03
107 -1.736309e-03
107 -1.357067e-02
108 -9.752918e-03
108 7.771682e-03
108 6.535286e-03
109 -8.527461e-02
109 3.886061e-02
109 -1.245796e-01
110 -1.814972e-03
110 -7.653490e-03
110 4.180873e-03
111 7.607384e-02
111 8.464045e-02
111 2.673936e-03
112 8.527461e-02
112 8.172010e-02
112 3.998870e-03
113 -7.158295e-02
113 -8.008740e-02
113 2.838936e-03
114 8.969961e-03
114 -7.389991e-03
114 5.272619e-03
115 1.281271e-03
115 -1.226704e-03
115 -1.232429e-02
116 -8.969961e-03
116 -1.058686e-03
116 -1.372130e-02
117 -8.060782e-02
117 4.039347e-02
117 1.136034e-01
118 -1.281271e-03
118 5.548791e-03
118 8.002199e-03
119 7.158295e-02
119 -4.146317e-02
119 1.187116e-01
120 8.060782e-02
120 -3.660495e-02
120 -1.173919e-01
121 -6.674253e-02
121 -7.515181e-02
121 3.075881e-03
122 8.194346e-03
122 5.549494e-03
122 8.588893e-03
123 8.235890e-04
123 -6.871239e-04
123 -1.115219e-02
124 -8.194346e-03
124 7.069193e-03
124 4.029794e-03
125 -7.551093e-02
125 3.414719e-02
125 -1.095991e-01
126 -8.235890e-04
126 6.871239e-04
126 -1.115219e-02
127 6.674253e-02
127 -3.911385e-02
127 1.111898e-01
128 7.551093e-02
128 -3.414719e-02
128 -1.095991e-01
129 -6.149127e-02
129 -6.977944e-02
129 3.411893e-03
130 7.436406e-03
130 1.987836e-03
130 -1.164746e-02
131 4.849934e-04
131 -1.120160e-04
131 -1.009725e-02
132 -7.436406e-03
132 -4.829814e-03
132 8.805486e-03
133 -6.990799e-02
133 -6.627656e-02
133 3.381560e-03
134 -4.849934e-04
134 -5.104633e-03
134 4.880601e-03
135 6.149127e-02
135 6.977944e-02
135 3.411893e-03
136 6.990799e-02
136 -3.144750e-02
136 -1.011056e-01
137 -5.577518e-02
137 -6.387828e-02
137 3.869004e-03
138 6.683743e-03
138 4.174342e-03
138 9.106465e-03
139 2.761249e-04
139 4.980149e-04
139 -9.203267e-03
140 -6.683743e-03
140 -2.466061e-03
140 -1.081475e-02
141 -6.369772e-02
141 3.164477e-02
141 8.860186e-02
142 -2.761249e-04
142 -4.980149e-04
142 -9.203267e-03
143 5.577518e-02
143 -3.387364e-02
143 9.388292e-02
144 6.369772e-02
144 6.012331e-02
144 3.166217e-03
145 -4.945866e-02
145 2.648310e-02
145 -8.830884e-02
146 5.862178e-03
146 3.537906e-03
146 9.223351e-03
147 2.649631e-04
147 3.600918e-03
147 5.892542e-03
148 -5.862178e-03
148 -3.537906e-03
148 9.223351e-03
149 -5.677687e-02
149 -5.332207e-02
149 2.983387e-03
150 -2.649631e-04
150 -3.600918e-03
150 5.892542e-03
151 4.945866e-02
151 5.739597e-02
151 4.429764e-03
152 5.677687e-02
152 5.332207e-02
152 2.983387e-03
153 -4.260838e-02
153 2.760035e-02
153 7.269656e-02
154 4.828166e-03
154 2.789530e-03
154 9.212552e-03
155 2.438854e-04
155 1.796633e-03
155 -7.502488e-03
156 -4.828166e-03
156 6.001041e-03
156 -4.219813e-04
157 -4.904243e-02
157 2.420258e-02
157 6.741877e-02
158 -2.438854e-04
158 4.649561e-03
158 1.056294e-03
159 4.260838e-02
159 5.014846e-02
159 5.052249e-03
160 4.904243e-02
160 4.581067e-02
160 2.594485e-03
161 -3.481214e-02
161 -4.240916e-02
161 5.497531e-03
162 3.221726e-03
162 2.942014e-03
162 -6.239905e-03
163 5.101049e-04
163 1.612236e-03
163 6.555930e-03
164 -3.221726e-03
164 -2.942014e-03
164 -6.239905e-03
165 -4.054733e-02
165 2.003879e-02
165 5.519579e-02
166 -5.101049e-04
166 -2.471847e-03
166 -5.696319e-03
167 3.481214e-02
167 -2.395335e-02
167 6.086498e-02
168 4.054733e-02
168 -2.003879e-02
168 5.519579e-02
169 -2.726771e-02
169 -3.352858e-02
169 5.627934e-03
170 6.756678e-04
170 -2.835232e-03
170 -3.513098e-03
171 -4.765403e-04
171 2.956552e-03
171 -3.441841e-03
172 -6.756678e-04
172 3.389333e-04
172 6.009396e-03
173 -3.138602e-02
173 1.399314e-02
173 -4.401445e-02
174 4.765403e-04
174 3.199197e-03
174 -2.713908e-03
175 2.726771e-02
175 -1.957826e-02
175 4.747891e-02
176 3.138602e-02
176 -1.399314e-02
176 -4.401445e-02
177 -1.752536e-02
177 -2.613859e-02
177 4.343281e-03
178 -3.883150e-03
178 -3.859269e-03
178 -3.858817e-03
179 5.982040e-05
179 -3.913586e-03
179 3.175911e-03
180 3.883150e-03
180 -2.259669e-07
180 7.718311e-03
181 -2.258438e-02
181 1.133918e-02
181 2.995620e-02
182 -5.982040e-05
182 -3.688376e-04
182 -7.458335e-03
183 1.752536e-02
183 2.613859e-02
183 4.343281e-03
184 2.258438e-02
184 -9.308513e-03
184 -3.198687e-02
185 -1.439867e-02
185 6.710956e-03
185 -2.443571e-02
186 -1.006556e-02
186 -9.360309e-03
186 -4.138912e-03
187 -7.435223e-03
187 2.766467e-03
187 9.203446e-03
188 1.006556e-02
188 9.360309e-03
188 -4.138912e-03
189 -1.463226e-02
189 -1.414401e-02
189 -5.166581e-03
190 1.439867e-02
190 -8.862378e-03
190 2.228429e-02
191 7.435223e-03
191 5.984956e-03
191 -4.520230e-04
192 1.463226e-02
192 -9.655298e-03
192 -1.863273e-02
193 3.898918e-04
193 -1.952361e-02
193 -6.880429e-03
194 -2.004002e-02
194 -1.513161e-02
194 4.848950e-02
195 1.476835e-04
195 1.804965e-02
195 -2.347383e-02
196 2.004002e-02
196 1.513161e-02
196 4.848950e-02
197 -1.290115e-02
197 -1.276278e-02
197 4.812450e-03
198 -3.898918e-04
198 -6.321593e-03
198 3.272564e-02
199 -1.476835e-04
199 -1.804965e-02
199 -2.347383e-02
200 1.290115e-02
200 -3.975163e-03
200 -2.155039e-02
21600.000000
1 -8.359539e-02
1 4.115833e-02
1 -1.206390e-01
2 -7.378259e-02
2 -8.146545e-02
2 -1.671600e-02
3 -9.063572e-03
3 -1.086794e-02
3 -1.402660e-02
4 -1.345315e-02
4 -3.529513e-03
4 2.789190e-02
5 9.063572e-03
5 -1.244727e-02
5 -9.288620e-03
6 1.345315e-02
6 3.529513e-03
6 2.789190e-02
7 8.359539e-02
7 -3.974031e-02
7 1.220570e-01
8 7.759230e-02
8 -3.784912e-02
8 1.266470e-01
9 -7.759230e-02
9 4.439895e-02
9 -1.200972e-01
10 -5.809858e-03
10 6.691910e-03
10 -1.159326e-02
11 -1.472801e-02
11 -1.337092e-03
11 1.905435e-02
12 -8.551338e-02
12 4.106229e-02
12 1.235315e-01
13 5.809858e-03
13 -2.450674e-03
13 1.583449e-02
14 3.982205e-03
14 -3.293839e-03
14 1.315214e-02
15 7.378259e-02
15 8.146545e-02
15 -1.671600e-02
16 8.551338e-02
16 8.229692e-02
16 -1.723447e-04
17 -7.618083e-02
17 -8.353224e-02
17 -5.000767e-03
18 -3.982205e-03
18 -8.222989e-03
18 -1.635311e-03
19 -1.368142e-02
19 5.001683e-04
19 1.581312e-02
20 1.472801e-02
20 1.337092e-03
20 1.905435e-02
21 -8.667739e-02
21 4.077715e-02
21 -1.236630e-01
22 2.297116e-03
22 7.632313e-03
22 1.545271e-04
23 7.618083e-02
23 -3.926574e-02
23 1.277987e-01
24 8.667739e-02
24 8.222008e-02
24 6.657900e-04
25 -7.425507e-02
25 -8.262230e-02
25 -4.357564e-03
26 -2.297116e-03
26 3.893420e-03
26 1.137121e-02
27 -1.406742e-02
27 5.486133e-04
27 1.374223e-02
28 1.368142e-02
28 -7.656476e-03
28 -8.656813e-03
29 -8.639581e-02
29 -8.089584e-02
29 6.884512e-04
30 1.406742e-02
30 7.145420e-03
30 -6.048194e-03
31 7.425507e-02
31 -3.913237e-02
31 1.261122e-01
32 8.639581e-02
32 -4.010369e-02
32 -1.216880e-01
33 -7.139586e-02
33 -8.117299e-02
33 -4.577616e-03
34 -1.082758e-03
34 -7.358348e-03
34 8.468224e-04
35 -1.438716e-02
35 5.568469e-04
35 1.296614e-02
36 1.082758e-03
36 -4.102585e-03
36 1.061411e-02
37 -8.549237e-02
37 3.978867e-02
37 1.181106e-01
38 1.438716e-02
38 -5.568469e-04
38 1.296614e-02
39 7.139586e-02
39 -3.829769e-02
39 1.240483e-01
40 8.549237e-02
40 7.894965e-02
40 6.276981e-04
41 -6.818871e-02
41 4.204020e-02
41 -1.160889e-01
42 -4.066118e-05
42 -7.213688e-03
42 1.230823e-03
43 -1.491546e-02
43 -6.481379e-03
43 -5.855405e-03
44 4.066118e-05
44 7.213688e-03
44 1.230823e-03
45 -8.400520e-02
45 -7.651264e-02
45 4.182430e-04
46 1.491546e-02
46 6.481379e-03
46 -5.855405e-03
47 6.818871e-02
47 7.906457e-02
47 -5.015838e-03
48 8.400520e-02
48 7.651264e-02
48 4.182430e-04
49 -6.464526e-02
49 3.548512e-02
49 1.176650e-01
50 8.485155e-04
50 -7.141186e-03
50 1.357653e-03
51 -1.541654e-02
51 3.875071e-05
51 1.264017e-02
52 -8.485155e-04
52 7.141186e-03
52 1.357653e-03
53 -8.209595e-02
53 3.694508e-02
53 1.104917e-01
54 1.541654e-02
54 6.339462e-03
54 -6.261960e-03
55 6.464526e-02
55 -4.108992e-02
55 -1.120602e-01
56 8.209595e-02
56 -3.677333e-02
56 -1.106635e-01
57 -6.086980e-02
57 -7.373221e-02
57 -6.220586e-03
58 1.653071e-03
58 4.234780e-03
58 9.941426e-03
59 -1.589340e-02
59 -6.233519e-03
59 -6.781611e-03
60 -1.653071e-03
60 -4.234780e-03
60 9.941426e-03
61 -7.980461e-02
61 3.525639e-02
61 1.059747e-01
62 1.589340e-02
62 2.740456e-04
62 1.274108e-02
63 6.086980e-02
63 7.373221e-02
63 -6.220586e-03
64 7.980461e-02
64 7.061552e-02
64 -1.027384e-04
65 -5.688318e-02
65 -7.059525e-02
65 -6.828989e-03
66 -1.662413e-02
66 -6.047178e-03
66 -7.840322e-03
67 -1.629995e-02
67 -5.878043e-04
67 1.287796e-02
68 -2.395317e-03
68 7.029102e-03
68 1.345787e-03
69 -7.717384e-02
69 3.381096e-02
69 -1.006710e-01
70 1.629995e-02
70 -6.732881e-03
70 -5.557273e-03
71 5.688318e-02
71 -3.188313e-02
71 1.093074e-01
72 7.717384e-02
72 -3.381096e-02
72 -1.006710e-01
73 -5.271118e-02
73 -6.718558e-02
73 -7.398862e-03
74 3.096956e-03
74 -6.944800e-03
74 1.294844e-03
75 2.395317e-03
75 4.187445e-03
75 9.870760e-03
76 -3.096956e-03
76 -4.119822e-03
76 9.769778e-03
77 -7.422506e-02
77 3.148098e-02
77 9.575047e-02
78 1.662413e-02
78 -6.943750e-03
78 -5.150606e-03
79 5.271118e-02
79 6.718558e-02
79 -7.398862e-03
80 7.422506e-02
80 -3.213475e-02
80 -9.509670e-02
81 -4.836727e-02
81 3.571860e-02
81 -9.132906e-02
82 3.771218e-03
82 -6.821012e-03
82 1.255465e-03
83 -1.685000e-02
83 7.116893e-03
83 -4.734999e-03
84 -3.771218e-03
84 6.821012e-03
84 1.255465e-03
85 -7.097530e-02
85 -5.975593e-02
85 -9.116563e-04
86 1.685000e-02
86 -7.116893e-03
86 -4.734999e-03
87 4.836727e-02
87 -2.780523e-02
87 9.924243e-02
88 7.097530e-02
88 -3.033379e-02
88 -8.917806e-02
89 -4.386395e-02
89 -5.962302e-02
89 -8.356163e-03
90 4.429883e-03
90 2.695472e-03
90 -1.059324e-02
91 -1.696497e-02
91 7.233082e-03
91 -4.301656e-03
92 -4.429883e-03
92 -3.948883e-03
92 9.339828e-03
93 -6.743477e-02
93 -5.567290e-02
93 -1.147127e-03
94 1.696497e-02
94 -7.233082e-03
94 -4.301656e-03
95 4.386395e-02
95 5.962302e-02
95 -8.356163e-03
96 6.743477e-02
96 -2.841001e-02
96 -8.293578e-02
97 -3.921088e-02
97 3.210218e-02
97 -7.888384e-02
98 5.082844e-03
98 2.544769e-03
98 -1.025809e-02
99 -1.695411e-02
99 7.273820e-03
99 -3.843487e-03
100 -5.082844e-03
100 -2.544769e-03
100 -1.025809e-02
101 -6.360860e-02
101 2.636335e-02
101 -7.638571e-02
102 1.695411e-02
102 1.715166e-03
102 1.283247e-02
103 3.921088e-02
103 -3.210218e-02
103 -7.888384e-02
104 6.360860e-02
104 -2.501118e-02
104 7.773787e-02
105 -3.441659e-02
105 -5.113970e-02
105 -8.961757e-03
106 5.738402e-03
106 -6.078693e-03
106 1.453018e-03
107 -1.680101e-02
107 -1.933919e-03
107 1.250681e-02
108 -5.738402e-03
108 -2.312838e-03
108 -9.844549e-03
109 -5.949690e-02
109 2.419235e-02
109 -6.953929e-02
110 1.680101e-02
110 5.286443e-03
110 -9.154282e-03
111 3.441659e-02
111 5.113970e-02
111 -8.961757e-03
112 5.949690e-02
112 4.686582e-02
112 -1.518874e-03
113 -2.948870e-02
113 -4.656750e-02
113 -9.090263e-03
114 6.401323e-03
114 1.986090e-03
114 -9.341910e-03
115 -1.648699e-02
115 -2.116368e-03
115 1.199369e-02
116 -6.401323e-03
116 -3.677910e-03
116 7.650091e-03
117 -5.509706e-02
117 2.025645e-02
117 6.404569e-02
118 1.648699e-02
118 -7.055029e-03
118 -2.822293e-03
119 2.948870e-02
119 -1.873862e-02
119 7.439638e-02
120 5.509706e-02
120 -2.189462e-02
120 -6.240753e-02
121 -2.443959e-02
121 -4.178104e-02
121 -9.082020e-03
122 7.070125e-03
122 -5.149538e-03
122 2.036703e-03
123 -1.599608e-02
123 -2.257732e-03
123 1.126791e-02
124 -7.070125e-03
124 -1.556418e-03
124 -8.742658e-03
125 -5.040841e-02
125 1.947105e-02
125 -5.500687e-02
126 1.599608e-02
126 2.257732e-03
126 1.126791e-02
127 2.443959e-02
127 -1.634951e-02
127 6.721257e-02
128 5.040841e-02
128 -1.947105e-02
128 -5.500687e-02
129 -1.928765e-02
129 -3.679775e-02
129 -8.930189e-03
130 7.732085e-03
130 3.501929e-03
130 5.570681e-03
131 -1.531214e-02
131 -2.353872e-03
131 1.032512e-02
132 -7.732085e-03
132 4.536305e-03
132 2.467552e-03
133 -4.544378e-02
133 -3.215294e-02
133 -1.700576e-03
134 1.531214e-02
134 3.985626e-03
134 -8.693370e-03
135 1.928765e-02
135 3.679775e-02
135 -8.930189e-03
136 4.544378e-02
136 -1.692676e-02
136 -4.737913e-02
137 -1.408739e-02
137 -3.165072e-02
137 -8.638436e-03
138 8.361911e-03
138 -3.838057e-03
138 2.971316e-03
139 -1.444292e-02
139 -2.404640e-03
139 9.170869e-03
140 -8.361911e-03
140 -3.404686e-03
140 4.271427e-03
141 -4.024695e-02
141 1.266030e-02
141 4.124086e-02
142 1.444292e-02
142 2.404640e-03
142 9.170869e-03
143 1.408739e-02
143 -1.150614e-02
143 5.179529e-02
144 4.024695e-02
144 2.695058e-02
144 -1.629976e-03
145 -8.915242e-03
145 1.734025e-02
145 -3.555096e-02
146 8.917516e-03
146 -3.081816e-03
146 3.451694e-03
147 -1.337999e-02
147 -2.734334e-03
147 -7.549483e-03
148 -8.917516e-03
148 3.081816e-03
148 3.451694e-03
149 -3.493243e-02
149 -2.175646e-02
149 -1.445305e-03
150 1.337999e-02
150 2.734334e-03
150 -7.549483e-03
151 8.915242e-03
151 2.644561e-02
151 -8.234894e-03
152 3.493243e-02
152 2.175646e-02
152 -1.445305e-03
153 -4.011360e-03
153 6.789269e-03
153 3.586470e-02
154 9.373705e-03
154 -2.289844e-03
154 4.015636e-03
155 -1.221359e-02
155 -2.374073e-03
155 6.431383e-03
156 -9.373705e-03
156 8.628959e-04
156 -5.442584e-03
157 -2.972340e-02
157 7.824141e-03
157 2.580422e-02
158 1.221359e-02
158 -4.402728e-03
158 3.454180e-04
159 4.011360e-03
159 2.132699e-02
159 -7.748448e-03
160 2.972340e-02
160 1.681418e-02
160 -1.165901e-03
161 3.862092e-04
161 -1.672589e-02
161 -7.246863e-03
162 9.746814e-03
162 2.980955e-03
162 -1.239954e-04
163 -1.084219e-02
163 -1.343098e-03
163 -5.903863e-03
164 -9.746814e-03
164 -2.980955e-03
164 -1.239954e-04
165 -2.507130e-02
165 6.008765e-03
165 1.912324e-02
166 1.084219e-02
166 2.280382e-03
166 4.966579e-03
167 -3.862092e-04
167 -4.739514e-03
167 2.871227e-02
168 2.507130e-02
168 -6.008765e-03
168 1.912324e-02
169 3.413325e-03
169 -1.302852e-02
169 -6.620666e-03
170 1.034154e-02
170 -2.985573e-03
170 -3.479876e-03
171 -9.523330e-03
171 -2.160699e-03
171 2.835501e-03
172 -1.034154e-02
172 2.471516e-04
172 6.218298e-03
173 -2.166402e-02
173 4.694613e-03
173 -1.480216e-02
174 9.523330e-03
174 -2.498100e-03
174 1.823298e-03
175 -3.413325e-03
175 -3.203925e-03
175 2.285311e-02
176 2.166402e-02
176 -4.694613e-03
176 -1.480216e-02
177 4.535655e-03
177 -1.157600e-02
177 -5.731663e-03
178 1.191648e-02
178 2.007649e-03
178 9.892990e-03
179 -7.413792e-03
179 1.158144e-03
179 -2.424854e-03
180 -1.191648e-02
180 -3.942670e-03
180 -7.957969e-03
181 -2.079338e-02
181 6.088946e-03
181 1.295709e-02
182 7.413792e-03
182 -6.333549e-04
182 2.949644e-03
183 -4.535655e-03
183 1.157600e-02
183 -5.731663e-03
184 2.079338e-02
184 -3.434072e-03
184 -1.561196e-02
185 1.504102e-03
185 7.952821e-03
185 -1.805221e-02
186 1.693147e-02
186 7.204559e-03
186 2.259217e-02
187 -4.602962e-03
187 -9.738588e-04
187 -9.472253e-03
188 -1.693147e-02
188 -7.204559e-03
188 2.259217e-02
189 -2.389558e-02
189 -1.326446e-02
189 7.604208e-03
190 -1.504102e-03
190 -5.049697e-03
190 2.095534e-02
191 4.602962e-03
191 -5.223056e-03
191 3.275338e-03
192 2.389558e-02
192 -2.830126e-03
192 -2.369879e-02
193 -7.745755e-03
193 -1.864310e-02
193 6.387013e-03
194 3.123987e-02
194 2.536443e-02
194 -6.090075e-02
195 1.140703e-04
195 -1.879797e-02
195 1.070170e-02
196 -3.123987e-02
196 -2.536443e-02
196 -6.090075e-02
197 -3.258219e-02
197 -2.162568e-02
197 1.820505e-02
198 7.745755e-03
198 -1.251506e-02
198 2.477114e-02
199 -1.140703e-04
199 1.879797e-02
199 1.070170e-02
200 3.258219e-02
200 -1.710315e-03
200 -4.154105e-02
