ADCIRC Model
200    130
130                 50000                     0                     5
129                 50000                  2000                     5
128                 50000                  8000                     5
127                 50000                  4000                     5
126                 50000                  6000                     5
125                 48000                     0                     5
124                 48000                  2000                     5
123                 48000                  8000                     5
122                 48000                  4000                     5
121                 48000                  6000                     5
120                 46000                     0                     5
119                 46000                  2000                     5
118                 46000                  8000                     5
117                 46000                  4000                     5
116                 46000                  6000                     5
115                 44000                     0                     5
114                 44000                  2000                     5
113                 44000                  8000                     5
112                 44000                  4000                     5
111                 44000                  6000                     5
110                 42000                     0                     5
109                 42000                  2000                     5
108                 42000                  8000                     5
107                 42000                  4000                     5
106                 42000                  6000                     5
105                 40000                     0                     5
104                 40000                  2000                     5
103                 40000                  8000                     5
102                 40000                  4000                     5
101                 40000                  6000                     5
100                 38000                     0                     5
99                 38000                  2000                     5
98                 38000                  8000                     5
97                 38000                  4000                     5
46                 18000                  6000                     5
45                 16000                     0                     5
44                 16000                  2000                     5
43                 16000                  8000                     5
42                 16000                  4000                     5
41                 16000                  6000                     5
40                 14000                     0                     5
39                 14000                  2000                     5
38                 14000                  8000                     5
37                 14000                  4000                     5
36                 14000                  6000                     5
35                 12000                     0                     5
34                 12000                  2000                     5
33                 12000                  8000                     5
32                 12000                  4000                     5
31                 12000                  6000                     5
30                 10000                     0                     5
29                 10000                  2000                     5
28                 10000                  8000                     5
27                 10000                  4000                     5
26                 10000                  6000                     5
25                  8000                     0                     5
24                  8000                  2000                     5
23                  8000                  8000                     5
10                  2000                     0                     5
9                  2000                  2000                     5
8                  2000                  4000                     5
7                  2000                  8000                     5
6                  2000                  6000                     5
5                     0                     0                     5
4                     0                  2000                     5
3                     0                  4000                     5
2                     0                  6000                     5
1                     0                  8000                     5
11                  4000                  6000                     5
12                  4000                  4000                     5
13                  4000                  8000                     5
14                  4000                  2000                     5
15                  4000                     0                     5
16                  6000                  6000                     5
17                  6000                  4000                     5
18                  6000                  8000                     5
19                  6000                  2000                     5
20                  6000                     0                     5
21                  8000                  6000                     5
22                  8000                  4000                     5
47                 18000                  4000                     5
48                 18000                  8000                     5
49                 18000                  2000                     5
50                 18000                     0                     5
51                 20000                  6000                     5
52                 20000                  4000                     5
53                 20000                  8000                     5
54                 20000                  2000                     5
55                 20000                     0                     5
56                 22000                  6000                     5
57                 22000                  4000                     5
58                 22000                  8000                     5
59                 22000                  2000                     5
60                 22000                     0                     5
61                 24000                  6000                     5
62                 24000                  4000                     5
63                 24000                  8000                     5
64                 24000                  2000                     5
65                 24000                     0                     5
66                 26000                  6000                     5
67                 26000                  4000                     5
68                 26000                  8000                     5
69                 26000                  2000                     5
70                 26000                     0                     5
71                 28000                  6000                     5
72                 28000                  4000                     5
73                 28000                  8000                     5
74                 28000                  2000                     5
75                 28000                     0                     5
76                 30000                  6000                     5
77                 30000                  4000                     5
78                 30000                  8000                     5
79                 30000                  2000                     5
80                 30000                     0                     5
81                 32000                  6000                     5
82                 32000                  4000                     5
83                 32000                  8000                     5
84                 32000                  2000                     5
85                 32000                     0                     5
86                 34000                  6000                     5
87                 34000                  4000                     5
88                 34000                  8000                     5
89                 34000                  2000                     5
90                 34000                     0                     5
91                 36000                  6000                     5
92                 36000                  4000                     5
93                 36000                  8000                     5
94                 36000                  2000                     5
95                 36000                     0                     5
96                 38000                  6000                     5
200    3  129  125  130
199    3  122  124  129
96    3   64   60   65
95    3   64   59   60
94    3   57   59   64
93    3   63   58   61
92    3   57   64   62
91    3   56   57   61
90    3   62   61   57
89    3   56   61   58
88    3   59   55   60
87    3   54   55   59
86    3   52   54   59
85    3   58   53   56
84    3   57   52   59
83    3   51   52   56
82    3   52   57   56
81    3   56   53   51
80    3   54   50   55
79    3   54   49   50
78    3   47   49   54
77    3   51   53   48
76    3   47   54   52
75    3   46   42   47
74    3   47   52   51
73    3   46   51   48
72    3   49   45   50
71    3   44   45   49
70    3   42   44   49
69    3   43   46   48
68    3   47   42   49
67    3   42   46   41
66    3   51   46   47
65    3   41   46   43
64    3   40   45   44
63    3   44   39   40
62    3   44   37   39
61    3   41   43   38
60    3   37   44   42
59    3   41   36   37
58    3   41   37   42
57    3   36   41   38
56    3   39   35   40
55    3   35   39   34
54    3   34   39   32
53    3   36   38   33
52    3   37   32   39
51    3   32   36   31
50    3   32   37   36
49    3   33   31   36
48    3   30   35   34
47    3   34   29   30
22    3   22   17   24
21    3   13   16   18
20    3   14    8    9
19    3   12   16   11
18    3   12   17   16
17    3   11   16   13
16    3   10   15   14
15    3    9    4    5
14    3   12   19   17
13    3    8   14   12
12    3   11   13    7
11    3    8   11    6
1    3    1    6    7
2    3    2    6    1
3    3    3    8    6
4    3    3    6    2
5    3    9    8    3
6    3    9    3    4
7    3   10    9    5
8    3    9   10   14
9    3   11    7    6
10    3   12   11    8
23    3   14   15   19
24    3   15   20   19
25    3   16   21   18
26    3   21   17   22
27    3   17   21   16
28    3   12   14   19
29    3   23   18   21
30    3   19   24   17
31    3   19   20   24
32    3   24   20   25
33    3   21   26   23
34    3   22   27   26
35    3   22   26   21
36    3   22   29   27
37    3   26   28   23
38    3   29   22   24
39    3   24   25   29
40    3   25   30   29
41    3   31   28   26
42    3   27   32   31
43    3   31   26   27
44    3   32   27   34
45    3   33   28   31
46    3   29   34   27
97    3   66   63   61
98    3   67   66   62
99    3   61   62   66
100    3   69   67   62
101    3   63   66   68
102    3   69   62   64
103    3   65   69   64
104    3   70   69   65
105    3   66   71   68
106    3   67   72   71
107    3   67   71   66
108    3   74   72   67
109    3   68   71   73
110    3   69   74   67
111    3   74   69   70
112    3   70   75   74
113    3   71   76   73
114    3   77   76   72
115    3   72   76   71
116    3   72   79   77
117    3   76   78   73
118    3   72   74   79
119    3   74   75   79
120    3   79   75   80
121    3   76   81   78
122    3   77   82   81
123    3   77   81   76
124    3   84   82   77
125    3   78   81   83
126    3   84   77   79
127    3   79   80   84
128    3   84   80   85
129    3   81   86   83
130    3   86   82   87
131    3   82   86   81
132    3   87   82   89
133    3   88   83   86
134    3   84   89   82
135    3   89   84   85
136    3   89   85   90
137    3   86   91   88
138    3   87   92   91
139    3   87   91   86
140    3   87   94   92
141    3   91   93   88
142    3   94   87   89
143    3   89   90   94
144    3   90   95   94
145    3   96   93   91
146    3   92   97   96
147    3   96   91   92
148    3   97   92   99
149    3   98   93   96
150    3   94   99   92
151    3   99   94   95
152    3   95  100   99
153    3   98   96  101
154    3   97  102  101
155    3   97  101   96
156    3  104  102   97
157    3  101  103   98
158    3   97   99  104
159    3  104   99  100
160    3  100  105  104
161    3  101  106  103
162    3  106  102  107
163    3  106  101  102
164    3  102  109  107
165    3  106  108  103
166    3  109  102  104
167    3  104  105  109
168    3  110  109  105
169    3  106  111  108
170    3  112  111  107
171    3  107  111  106
172    3  112  107  114
173    3  108  111  113
174    3  107  109  114
175    3  109  110  114
176    3  114  110  115
177    3  111  116  113
178    3  112  117  116
179    3  116  111  112
180    3  112  119  117
181    3  116  118  113
182    3  112  114  119
183    3  119  114  115
184    3  119  115  120
185    3  121  118  116
186    3  117  122  121
187    3  117  121  116
188    3  122  117  124
189    3  123  118  121
190    3  119  120  124
191    3  119  124  117
192    3  124  120  125
193    3  121  126  123
194    3  126  122  127
195    3  121  122  126
196    3  122  129  127
197    3  128  123  126
198    3  124  125  129
1 = Number of open boundaries
5 = Total number of open boundary nodes
5 = Number of nodes for open boundry 1 
1
2
3
4
5
1 = Number of land Boundaries
55 = Total number of open boundary nodes
55 0 = Number of nodes for land boundary 1
5
10
15
20
25
30
35
40
45
50
55
60
65
70
75
80
85
90
95
100
105
110
115
120
125
130
129
127
126
128
123
118
113
108
103
98
93
88
83
78
73
68
63
58
53
48
43
38
33
28
23
18
13
7
1
