rectangle
200    202
0 -20.000000000000 -0.200000000000 0.500000000000 
1 -19.600000000000 -0.200000000000 0.500000000000 
2 -19.200000000000 -0.200000000000 0.500000000000 
3 -18.800000000000 -0.200000000000 0.500000000000 
4 -18.400000000000 -0.200000000000 0.500000000000 
5 -18.000000000000 -0.200000000000 0.500000000000 
6 -17.600000000000 -0.200000000000 0.500000000000 
7 -17.200000000000 -0.200000000000 0.500000000000 
8 -16.800000000000 -0.200000000000 0.500000000000 
9 -16.400000000000 -0.200000000000 0.500000000000 
10 -16.000000000000 -0.200000000000 0.500000000000 
11 -15.600000000000 -0.200000000000 0.500000000000 
12 -15.200000000000 -0.200000000000 0.500000000000 
13 -14.800000000000 -0.200000000000 0.500000000000 
14 -14.400000000000 -0.200000000000 0.500000000000 
15 -14.000000000000 -0.200000000000 0.500000000000 
16 -13.600000000000 -0.200000000000 0.500000000000 
17 -13.200000000000 -0.200000000000 0.500000000000 
18 -12.800000000000 -0.200000000000 0.500000000000 
19 -12.400000000000 -0.200000000000 0.500000000000 
20 -12.000000000000 -0.200000000000 0.500000000000 
21 -11.600000000000 -0.200000000000 0.500000000000 
22 -11.200000000000 -0.200000000000 0.500000000000 
23 -10.800000000000 -0.200000000000 0.500000000000 
24 -10.400000000000 -0.200000000000 0.500000000000 
25 -10.000000000000 -0.200000000000 0.500000000000 
26 -9.600000000000 -0.200000000000 0.500000000000 
27 -9.200000000000 -0.200000000000 0.500000000000 
28 -8.800000000000 -0.200000000000 0.500000000000 
29 -8.400000000000 -0.200000000000 0.500000000000 
30 -8.000000000000 -0.200000000000 0.500000000000 
31 -7.600000000000 -0.200000000000 0.500000000000 
32 -7.200000000000 -0.200000000000 0.500000000000 
33 -6.800000000000 -0.200000000000 0.500000000000 
34 -6.400000000000 -0.200000000000 0.500000000000 
35 -6.000000000000 -0.200000000000 0.500000000000 
36 -5.600000000000 -0.200000000000 0.500000000000 
37 -5.200000000000 -0.200000000000 0.500000000000 
38 -4.800000000000 -0.200000000000 0.500000000000 
39 -4.400000000000 -0.200000000000 0.500000000000 
40 -4.000000000000 -0.200000000000 0.500000000000 
41 -3.600000000000 -0.200000000000 0.500000000000 
42 -3.200000000000 -0.200000000000 0.500000000000 
43 -2.800000000000 -0.200000000000 0.500000000000 
44 -2.400000000000 -0.200000000000 0.500000000000 
45 -2.000000000000 -0.200000000000 0.500000000000 
46 -1.600000000000 -0.200000000000 0.500000000000 
47 -1.200000000000 -0.200000000000 0.500000000000 
48 -0.800000000000 -0.200000000000 0.500000000000 
49 -0.400000000000 -0.200000000000 0.500000000000 
50 0.000000000000 -0.200000000000 0.500000000000 
51 0.400000000000 -0.200000000000 0.500000000000 
52 0.800000000000 -0.200000000000 0.500000000000 
53 1.200000000000 -0.200000000000 0.500000000000 
54 1.600000000000 -0.200000000000 0.500000000000 
55 2.000000000000 -0.200000000000 0.500000000000 
56 2.400000000000 -0.200000000000 0.500000000000 
57 2.800000000000 -0.200000000000 0.500000000000 
58 3.200000000000 -0.200000000000 0.500000000000 
59 3.600000000000 -0.200000000000 0.500000000000 
60 4.000000000000 -0.200000000000 0.500000000000 
61 4.400000000000 -0.200000000000 0.500000000000 
62 4.800000000000 -0.200000000000 0.500000000000 
63 5.200000000000 -0.200000000000 0.500000000000 
64 5.600000000000 -0.200000000000 0.500000000000 
65 6.000000000000 -0.200000000000 0.500000000000 
66 6.400000000000 -0.200000000000 0.500000000000 
67 6.800000000000 -0.200000000000 0.500000000000 
68 7.200000000000 -0.200000000000 0.500000000000 
69 7.600000000000 -0.200000000000 0.500000000000 
70 8.000000000000 -0.200000000000 0.500000000000 
71 8.400000000000 -0.200000000000 0.500000000000 
72 8.800000000000 -0.200000000000 0.500000000000 
73 9.200000000000 -0.200000000000 0.500000000000 
74 9.600000000000 -0.200000000000 0.500000000000 
75 10.000000000000 -0.200000000000 0.500000000000 
76 10.400000000000 -0.200000000000 0.500000000000 
77 10.800000000000 -0.200000000000 0.500000000000 
78 11.200000000000 -0.200000000000 0.500000000000 
79 11.600000000000 -0.200000000000 0.500000000000 
80 12.000000000000 -0.200000000000 0.500000000000 
81 12.400000000000 -0.200000000000 0.500000000000 
82 12.800000000000 -0.200000000000 0.500000000000 
83 13.200000000000 -0.200000000000 0.500000000000 
84 13.600000000000 -0.200000000000 0.500000000000 
85 14.000000000000 -0.200000000000 0.500000000000 
86 14.400000000000 -0.200000000000 0.500000000000 
87 14.800000000000 -0.200000000000 0.500000000000 
88 15.200000000000 -0.200000000000 0.500000000000 
89 15.600000000000 -0.200000000000 0.500000000000 
90 16.000000000000 -0.200000000000 0.500000000000 
91 16.400000000000 -0.200000000000 0.500000000000 
92 16.800000000000 -0.200000000000 0.500000000000 
93 17.200000000000 -0.200000000000 0.500000000000 
94 17.600000000000 -0.200000000000 0.500000000000 
95 18.000000000000 -0.200000000000 0.500000000000 
96 18.400000000000 -0.200000000000 0.500000000000 
97 18.800000000000 -0.200000000000 0.500000000000 
98 19.200000000000 -0.200000000000 0.500000000000 
99 19.600000000000 -0.200000000000 0.500000000000 
100 20.000000000000 -0.200000000000 0.500000000000 
101 -20.000000000000 0.200000000000 0.500000000000 
102 -19.600000000000 0.200000000000 0.500000000000 
103 -19.200000000000 0.200000000000 0.500000000000 
104 -18.800000000000 0.200000000000 0.500000000000 
105 -18.400000000000 0.200000000000 0.500000000000 
106 -18.000000000000 0.200000000000 0.500000000000 
107 -17.600000000000 0.200000000000 0.500000000000 
108 -17.200000000000 0.200000000000 0.500000000000 
109 -16.800000000000 0.200000000000 0.500000000000 
110 -16.400000000000 0.200000000000 0.500000000000 
111 -16.000000000000 0.200000000000 0.500000000000 
112 -15.600000000000 0.200000000000 0.500000000000 
113 -15.200000000000 0.200000000000 0.500000000000 
114 -14.800000000000 0.200000000000 0.500000000000 
115 -14.400000000000 0.200000000000 0.500000000000 
116 -14.000000000000 0.200000000000 0.500000000000 
117 -13.600000000000 0.200000000000 0.500000000000 
118 -13.200000000000 0.200000000000 0.500000000000 
119 -12.800000000000 0.200000000000 0.500000000000 
120 -12.400000000000 0.200000000000 0.500000000000 
121 -12.000000000000 0.200000000000 0.500000000000 
122 -11.600000000000 0.200000000000 0.500000000000 
123 -11.200000000000 0.200000000000 0.500000000000 
124 -10.800000000000 0.200000000000 0.500000000000 
125 -10.400000000000 0.200000000000 0.500000000000 
126 -10.000000000000 0.200000000000 0.500000000000 
127 -9.600000000000 0.200000000000 0.500000000000 
128 -9.200000000000 0.200000000000 0.500000000000 
129 -8.800000000000 0.200000000000 0.500000000000 
130 -8.400000000000 0.200000000000 0.500000000000 
131 -8.000000000000 0.200000000000 0.500000000000 
132 -7.600000000000 0.200000000000 0.500000000000 
133 -7.200000000000 0.200000000000 0.500000000000 
134 -6.800000000000 0.200000000000 0.500000000000 
135 -6.400000000000 0.200000000000 0.500000000000 
136 -6.000000000000 0.200000000000 0.500000000000 
137 -5.600000000000 0.200000000000 0.500000000000 
138 -5.200000000000 0.200000000000 0.500000000000 
139 -4.800000000000 0.200000000000 0.500000000000 
140 -4.400000000000 0.200000000000 0.500000000000 
141 -4.000000000000 0.200000000000 0.500000000000 
142 -3.600000000000 0.200000000000 0.500000000000 
143 -3.200000000000 0.200000000000 0.500000000000 
144 -2.800000000000 0.200000000000 0.500000000000 
145 -2.400000000000 0.200000000000 0.500000000000 
146 -2.000000000000 0.200000000000 0.500000000000 
147 -1.600000000000 0.200000000000 0.500000000000 
148 -1.200000000000 0.200000000000 0.500000000000 
149 -0.800000000000 0.200000000000 0.500000000000 
150 -0.400000000000 0.200000000000 0.500000000000 
151 0.000000000000 0.200000000000 0.500000000000 
152 0.400000000000 0.200000000000 0.500000000000 
153 0.800000000000 0.200000000000 0.500000000000 
154 1.200000000000 0.200000000000 0.500000000000 
155 1.600000000000 0.200000000000 0.500000000000 
156 2.000000000000 0.200000000000 0.500000000000 
157 2.400000000000 0.200000000000 0.500000000000 
158 2.800000000000 0.200000000000 0.500000000000 
159 3.200000000000 0.200000000000 0.500000000000 
160 3.600000000000 0.200000000000 0.500000000000 
161 4.000000000000 0.200000000000 0.500000000000 
162 4.400000000000 0.200000000000 0.500000000000 
163 4.800000000000 0.200000000000 0.500000000000 
164 5.200000000000 0.200000000000 0.500000000000 
165 5.600000000000 0.200000000000 0.500000000000 
166 6.000000000000 0.200000000000 0.500000000000 
167 6.400000000000 0.200000000000 0.500000000000 
168 6.800000000000 0.200000000000 0.500000000000 
169 7.200000000000 0.200000000000 0.500000000000 
170 7.600000000000 0.200000000000 0.500000000000 
171 8.000000000000 0.200000000000 0.500000000000 
172 8.400000000000 0.200000000000 0.500000000000 
173 8.800000000000 0.200000000000 0.500000000000 
174 9.200000000000 0.200000000000 0.500000000000 
175 9.600000000000 0.200000000000 0.500000000000 
176 10.000000000000 0.200000000000 0.500000000000 
177 10.400000000000 0.200000000000 0.500000000000 
178 10.800000000000 0.200000000000 0.500000000000 
179 11.200000000000 0.200000000000 0.500000000000 
180 11.600000000000 0.200000000000 0.500000000000 
181 12.000000000000 0.200000000000 0.500000000000 
182 12.400000000000 0.200000000000 0.500000000000 
183 12.800000000000 0.200000000000 0.500000000000 
184 13.200000000000 0.200000000000 0.500000000000 
185 13.600000000000 0.200000000000 0.500000000000 
186 14.000000000000 0.200000000000 0.500000000000 
187 14.400000000000 0.200000000000 0.500000000000 
188 14.800000000000 0.200000000000 0.500000000000 
189 15.200000000000 0.200000000000 0.500000000000 
190 15.600000000000 0.200000000000 0.500000000000 
191 16.000000000000 0.200000000000 0.500000000000 
192 16.400000000000 0.200000000000 0.500000000000 
193 16.800000000000 0.200000000000 0.500000000000 
194 17.200000000000 0.200000000000 0.500000000000 
195 17.600000000000 0.200000000000 0.500000000000 
196 18.000000000000 0.200000000000 0.500000000000 
197 18.400000000000 0.200000000000 0.500000000000 
198 18.800000000000 0.200000000000 0.500000000000 
199 19.200000000000 0.200000000000 0.500000000000 
200 19.600000000000 0.200000000000 0.500000000000 
201 20.000000000000 0.200000000000 0.500000000000 
0 3 0 102 101 
1 3 0 1 102 
2 3 1 103 102 
3 3 1 2 103 
4 3 2 104 103 
5 3 2 3 104 
6 3 3 105 104 
7 3 3 4 105 
8 3 4 106 105 
9 3 4 5 106 
10 3 5 107 106 
11 3 5 6 107 
12 3 6 108 107 
13 3 6 7 108 
14 3 7 109 108 
15 3 7 8 109 
16 3 8 110 109 
17 3 8 9 110 
18 3 9 111 110 
19 3 9 10 111 
20 3 10 112 111 
21 3 10 11 112 
22 3 11 113 112 
23 3 11 12 113 
24 3 12 114 113 
25 3 12 13 114 
26 3 13 115 114 
27 3 13 14 115 
28 3 14 116 115 
29 3 14 15 116 
30 3 15 117 116 
31 3 15 16 117 
32 3 16 118 117 
33 3 16 17 118 
34 3 17 119 118 
35 3 17 18 119 
36 3 18 120 119 
37 3 18 19 120 
38 3 19 121 120 
39 3 19 20 121 
40 3 20 122 121 
41 3 20 21 122 
42 3 21 123 122 
43 3 21 22 123 
44 3 22 124 123 
45 3 22 23 124 
46 3 23 125 124 
47 3 23 24 125 
48 3 24 126 125 
49 3 24 25 126 
50 3 25 127 126 
51 3 25 26 127 
52 3 26 128 127 
53 3 26 27 128 
54 3 27 129 128 
55 3 27 28 129 
56 3 28 130 129 
57 3 28 29 130 
58 3 29 131 130 
59 3 29 30 131 
60 3 30 132 131 
61 3 30 31 132 
62 3 31 133 132 
63 3 31 32 133 
64 3 32 134 133 
65 3 32 33 134 
66 3 33 135 134 
67 3 33 34 135 
68 3 34 136 135 
69 3 34 35 136 
70 3 35 137 136 
71 3 35 36 137 
72 3 36 138 137 
73 3 36 37 138 
74 3 37 139 138 
75 3 37 38 139 
76 3 38 140 139 
77 3 38 39 140 
78 3 39 141 140 
79 3 39 40 141 
80 3 40 142 141 
81 3 40 41 142 
82 3 41 143 142 
83 3 41 42 143 
84 3 42 144 143 
85 3 42 43 144 
86 3 43 145 144 
87 3 43 44 145 
88 3 44 146 145 
89 3 44 45 146 
90 3 45 147 146 
91 3 45 46 147 
92 3 46 148 147 
93 3 46 47 148 
94 3 47 149 148 
95 3 47 48 149 
96 3 48 150 149 
97 3 48 49 150 
98 3 49 151 150 
99 3 49 50 151 
100 3 50 152 151 
101 3 50 51 152 
102 3 51 153 152 
103 3 51 52 153 
104 3 52 154 153 
105 3 52 53 154 
106 3 53 155 154 
107 3 53 54 155 
108 3 54 156 155 
109 3 54 55 156 
110 3 55 157 156 
111 3 55 56 157 
112 3 56 158 157 
113 3 56 57 158 
114 3 57 159 158 
115 3 57 58 159 
116 3 58 160 159 
117 3 58 59 160 
118 3 59 161 160 
119 3 59 60 161 
120 3 60 162 161 
121 3 60 61 162 
122 3 61 163 162 
123 3 61 62 163 
124 3 62 164 163 
125 3 62 63 164 
126 3 63 165 164 
127 3 63 64 165 
128 3 64 166 165 
129 3 64 65 166 
130 3 65 167 166 
131 3 65 66 167 
132 3 66 168 167 
133 3 66 67 168 
134 3 67 169 168 
135 3 67 68 169 
136 3 68 170 169 
137 3 68 69 170 
138 3 69 171 170 
139 3 69 70 171 
140 3 70 172 171 
141 3 70 71 172 
142 3 71 173 172 
143 3 71 72 173 
144 3 72 174 173 
145 3 72 73 174 
146 3 73 175 174 
147 3 73 74 175 
148 3 74 176 175 
149 3 74 75 176 
150 3 75 177 176 
151 3 75 76 177 
152 3 76 178 177 
153 3 76 77 178 
154 3 77 179 178 
155 3 77 78 179 
156 3 78 180 179 
157 3 78 79 180 
158 3 79 181 180 
159 3 79 80 181 
160 3 80 182 181 
161 3 80 81 182 
162 3 81 183 182 
163 3 81 82 183 
164 3 82 184 183 
165 3 82 83 184 
166 3 83 185 184 
167 3 83 84 185 
168 3 84 186 185 
169 3 84 85 186 
170 3 85 187 186 
171 3 85 86 187 
172 3 86 188 187 
173 3 86 87 188 
174 3 87 189 188 
175 3 87 88 189 
176 3 88 190 189 
177 3 88 89 190 
178 3 89 191 190 
179 3 89 90 191 
180 3 90 192 191 
181 3 90 91 192 
182 3 91 193 192 
183 3 91 92 193 
184 3 92 194 193 
185 3 92 93 194 
186 3 93 195 194 
187 3 93 94 195 
188 3 94 196 195 
189 3 94 95 196 
190 3 95 197 196 
191 3 95 96 197 
192 3 96 198 197 
193 3 96 97 198 
194 3 97 199 198 
195 3 97 98 199 
196 3 98 200 199 
197 3 98 99 200 
198 3 99 201 200 
199 3 99 100 201 
0 = Number of open boundaries
0 = Total number of open boundary nodes
4 = Number of land boundaries
206 = Total number of land boundary nodes
101 0 = Number of nodes for land boundary 1
0
1
2
3
4
5
6
7
8
9
10
11
12
13
14
15
16
17
18
19
20
21
22
23
24
25
26
27
28
29
30
31
32
33
34
35
36
37
38
39
40
41
42
43
44
45
46
47
48
49
50
51
52
53
54
55
56
57
58
59
60
61
62
63
64
65
66
67
68
69
70
71
72
73
74
75
76
77
78
79
80
81
82
83
84
85
86
87
88
89
90
91
92
93
94
95
96
97
98
99
100
2 0 = Number of nodes for land boundary 2
100
201
101 0 = Number of nodes for land boundary 3
101
102
103
104
105
106
107
108
109
110
111
112
113
114
115
116
117
118
119
120
121
122
123
124
125
126
127
128
129
130
131
132
133
134
135
136
137
138
139
140
141
142
143
144
145
146
147
148
149
150
151
152
153
154
155
156
157
158
159
160
161
162
163
164
165
166
167
168
169
170
171
172
173
174
175
176
177
178
179
180
181
182
183
184
185
186
187
188
189
190
191
192
193
194
195
196
197
198
199
200
201
2 0 = Number of nodes for land boundary 4
0
101
0 = Number of generic boundaries
0 = Total number of generic boundary nodes
