rectangle
128    81
0 40000.000000000000 10000.000000000000 -14.000000000000 
1 45400.000000000000 10000.000000000000 -18.611600000000 
2 50800.000000000000 10000.000000000000 -23.806400000000 
3 56200.000000000000 10000.000000000000 -29.584400000000 
4 61600.000000000000 10000.000000000000 -35.945600000000 
5 67000.000000000000 10000.000000000000 -42.890000000000 
6 72400.000000000000 10000.000000000000 -50.417600000000 
7 77800.000000000000 10000.000000000000 -58.528400000000 
8 83200.000000000000 10000.000000000000 -67.222400000000 
9 40000.000000000000 15400.000000000000 -15.371600000000 
10 45400.000000000000 15400.000000000000 -19.983200000000 
11 50800.000000000000 15400.000000000000 -25.178000000000 
12 56200.000000000000 15400.000000000000 -30.956000000000 
13 61600.000000000000 15400.000000000000 -37.317200000000 
14 67000.000000000000 15400.000000000000 -44.261600000000 
15 72400.000000000000 15400.000000000000 -51.789200000000 
16 77800.000000000000 15400.000000000000 -59.900000000000 
17 83200.000000000000 15400.000000000000 -68.594000000000 
18 40000.000000000000 20800.000000000000 -17.326400000000 
19 45400.000000000000 20800.000000000000 -21.938000000000 
20 50800.000000000000 20800.000000000000 -27.132800000000 
21 56200.000000000000 20800.000000000000 -32.910800000000 
22 61600.000000000000 20800.000000000000 -39.272000000000 
23 67000.000000000000 20800.000000000000 -46.216400000000 
24 72400.000000000000 20800.000000000000 -53.744000000000 
25 77800.000000000000 20800.000000000000 -61.854800000000 
26 83200.000000000000 20800.000000000000 -70.548800000000 
27 40000.000000000000 26200.000000000000 -19.864400000000 
28 45400.000000000000 26200.000000000000 -24.476000000000 
29 50800.000000000000 26200.000000000000 -29.670800000000 
30 56200.000000000000 26200.000000000000 -35.448800000000 
31 61600.000000000000 26200.000000000000 -41.810000000000 
32 67000.000000000000 26200.000000000000 -48.754400000000 
33 72400.000000000000 26200.000000000000 -56.282000000000 
34 77800.000000000000 26200.000000000000 -64.392800000000 
35 83200.000000000000 26200.000000000000 -73.086800000000 
36 40000.000000000000 31600.000000000000 -22.985600000000 
37 45400.000000000000 31600.000000000000 -27.597200000000 
38 50800.000000000000 31600.000000000000 -32.792000000000 
39 56200.000000000000 31600.000000000000 -38.570000000000 
40 61600.000000000000 31600.000000000000 -44.931200000000 
41 67000.000000000000 31600.000000000000 -51.875600000000 
42 72400.000000000000 31600.000000000000 -59.403200000000 
43 77800.000000000000 31600.000000000000 -67.514000000000 
44 83200.000000000000 31600.000000000000 -76.208000000000 
45 40000.000000000000 37000.000000000000 -26.690000000000 
46 45400.000000000000 37000.000000000000 -31.301600000000 
47 50800.000000000000 37000.000000000000 -36.496400000000 
48 56200.000000000000 37000.000000000000 -42.274400000000 
49 61600.000000000000 37000.000000000000 -48.635600000000 
50 67000.000000000000 37000.000000000000 -55.580000000000 
51 72400.000000000000 37000.000000000000 -63.107600000000 
52 77800.000000000000 37000.000000000000 -71.218400000000 
53 83200.000000000000 37000.000000000000 -79.912400000000 
54 40000.000000000000 42400.000000000000 -30.977600000000 
55 45400.000000000000 42400.000000000000 -35.589200000000 
56 50800.000000000000 42400.000000000000 -40.784000000000 
57 56200.000000000000 42400.000000000000 -46.562000000000 
58 61600.000000000000 42400.000000000000 -52.923200000000 
59 67000.000000000000 42400.000000000000 -59.867600000000 
60 72400.000000000000 42400.000000000000 -67.395200000000 
61 77800.000000000000 42400.000000000000 -75.506000000000 
62 83200.000000000000 42400.000000000000 -84.200000000000 
63 40000.000000000000 47800.000000000000 -35.848400000000 
64 45400.000000000000 47800.000000000000 -40.460000000000 
65 50800.000000000000 47800.000000000000 -45.654800000000 
66 56200.000000000000 47800.000000000000 -51.432800000000 
67 61600.000000000000 47800.000000000000 -57.794000000000 
68 67000.000000000000 47800.000000000000 -64.738400000000 
69 72400.000000000000 47800.000000000000 -72.266000000000 
70 77800.000000000000 47800.000000000000 -80.376800000000 
71 83200.000000000000 47800.000000000000 -89.070800000000 
72 40000.000000000000 53200.000000000000 -41.302400000000 
73 45400.000000000000 53200.000000000000 -45.914000000000 
74 50800.000000000000 53200.000000000000 -51.108800000000 
75 56200.000000000000 53200.000000000000 -56.886800000000 
76 61600.000000000000 53200.000000000000 -63.248000000000 
77 67000.000000000000 53200.000000000000 -70.192400000000 
78 72400.000000000000 53200.000000000000 -77.720000000000 
79 77800.000000000000 53200.000000000000 -85.830800000000 
80 83200.000000000000 53200.000000000000 -94.524800000000 
0 3 0 10 9 
1 3 0 1 10 
2 3 1 11 10 
3 3 1 2 11 
4 3 2 12 11 
5 3 2 3 12 
6 3 3 13 12 
7 3 3 4 13 
8 3 4 14 13 
9 3 4 5 14 
10 3 5 15 14 
11 3 5 6 15 
12 3 6 16 15 
13 3 6 7 16 
14 3 7 17 16 
15 3 7 8 17 
16 3 9 19 18 
17 3 9 10 19 
18 3 10 20 19 
19 3 10 11 20 
20 3 11 21 20 
21 3 11 12 21 
22 3 12 22 21 
23 3 12 13 22 
24 3 13 23 22 
25 3 13 14 23 
26 3 14 24 23 
27 3 14 15 24 
28 3 15 25 24 
29 3 15 16 25 
30 3 16 26 25 
31 3 16 17 26 
32 3 18 28 27 
33 3 18 19 28 
34 3 19 29 28 
35 3 19 20 29 
36 3 20 30 29 
37 3 20 21 30 
38 3 21 31 30 
39 3 21 22 31 
40 3 22 32 31 
41 3 22 23 32 
42 3 23 33 32 
43 3 23 24 33 
44 3 24 34 33 
45 3 24 25 34 
46 3 25 35 34 
47 3 25 26 35 
48 3 27 37 36 
49 3 27 28 37 
50 3 28 38 37 
51 3 28 29 38 
52 3 29 39 38 
53 3 29 30 39 
54 3 30 40 39 
55 3 30 31 40 
56 3 31 41 40 
57 3 31 32 41 
58 3 32 42 41 
59 3 32 33 42 
60 3 33 43 42 
61 3 33 34 43 
62 3 34 44 43 
63 3 34 35 44 
64 3 36 46 45 
65 3 36 37 46 
66 3 37 47 46 
67 3 37 38 47 
68 3 38 48 47 
69 3 38 39 48 
70 3 39 49 48 
71 3 39 40 49 
72 3 40 50 49 
73 3 40 41 50 
74 3 41 51 50 
75 3 41 42 51 
76 3 42 52 51 
77 3 42 43 52 
78 3 43 53 52 
79 3 43 44 53 
80 3 45 55 54 
81 3 45 46 55 
82 3 46 56 55 
83 3 46 47 56 
84 3 47 57 56 
85 3 47 48 57 
86 3 48 58 57 
87 3 48 49 58 
88 3 49 59 58 
89 3 49 50 59 
90 3 50 60 59 
91 3 50 51 60 
92 3 51 61 60 
93 3 51 52 61 
94 3 52 62 61 
95 3 52 53 62 
96 3 54 64 63 
97 3 54 55 64 
98 3 55 65 64 
99 3 55 56 65 
100 3 56 66 65 
101 3 56 57 66 
102 3 57 67 66 
103 3 57 58 67 
104 3 58 68 67 
105 3 58 59 68 
106 3 59 69 68 
107 3 59 60 69 
108 3 60 70 69 
109 3 60 61 70 
110 3 61 71 70 
111 3 61 62 71 
112 3 63 73 72 
113 3 63 64 73 
114 3 64 74 73 
115 3 64 65 74 
116 3 65 75 74 
117 3 65 66 75 
118 3 66 76 75 
119 3 66 67 76 
120 3 67 77 76 
121 3 67 68 77 
122 3 68 78 77 
123 3 68 69 78 
124 3 69 79 78 
125 3 69 70 79 
126 3 70 80 79 
127 3 70 71 80 
0 = Number of open boundaries
0 = Total number of open boundary nodes
4 = Number of land boundaries
36 = Total number of land boundary nodes
9 0 = Number of nodes for land boundary 1
0
1
2
3
4
5
6
7
8
9 0 = Number of nodes for land boundary 2
8
17
26
35
44
53
62
71
80
9 0 = Number of nodes for land boundary 3
72
73
74
75
76
77
78
79
80
9 0 = Number of nodes for land boundary 4
0
9
18
27
36
45
54
63
72
0 = Number of generic boundaries
0 = Total number of generic boundary nodes
