rectangle
128    81
0 0.000000000000 0.000000000000 1.000000000000 
1 0.785398163398 0.000000000000 1.000000000000 
2 1.570796326795 0.000000000000 1.000000000000 
3 2.356194490193 0.000000000000 1.000000000000 
4 3.141592653590 0.000000000000 1.000000000000 
5 3.926990816987 0.000000000000 1.000000000000 
6 4.712388980385 0.000000000000 1.000000000000 
7 5.497787143783 0.000000000000 1.000000000000 
8 6.283185307180 0.000000000000 1.000000000000 
9 0.000000000000 0.785398163398 1.000000000000 
10 0.785398163398 0.785398163398 1.000000000000 
11 1.570796326795 0.785398163398 1.000000000000 
12 2.356194490193 0.785398163398 1.000000000000 
13 3.141592653590 0.785398163398 1.000000000000 
14 3.926990816987 0.785398163398 1.000000000000 
15 4.712388980385 0.785398163398 1.000000000000 
16 5.497787143783 0.785398163398 1.000000000000 
17 6.283185307180 0.785398163398 1.000000000000 
18 0.000000000000 1.570796326795 1.000000000000 
19 0.785398163398 1.570796326795 1.000000000000 
20 1.570796326795 1.570796326795 1.000000000000 
21 2.356194490193 1.570796326795 1.000000000000 
22 3.141592653590 1.570796326795 1.000000000000 
23 3.926990816987 1.570796326795 1.000000000000 
24 4.712388980385 1.570796326795 1.000000000000 
25 5.497787143783 1.570796326795 1.000000000000 
26 6.283185307180 1.570796326795 1.000000000000 
27 0.000000000000 2.356194490193 1.000000000000 
28 0.785398163398 2.356194490193 1.000000000000 
29 1.570796326795 2.356194490193 1.000000000000 
30 2.356194490193 2.356194490193 1.000000000000 
31 3.141592653590 2.356194490193 1.000000000000 
32 3.926990816987 2.356194490193 1.000000000000 
33 4.712388980385 2.356194490193 1.000000000000 
34 5.497787143783 2.356194490193 1.000000000000 
35 6.283185307180 2.356194490193 1.000000000000 
36 0.000000000000 3.141592653590 1.000000000000 
37 0.785398163398 3.141592653590 1.000000000000 
38 1.570796326795 3.141592653590 1.000000000000 
39 2.356194490193 3.141592653590 1.000000000000 
40 3.141592653590 3.141592653590 1.000000000000 
41 3.926990816987 3.141592653590 1.000000000000 
42 4.712388980385 3.141592653590 1.000000000000 
43 5.497787143783 3.141592653590 1.000000000000 
44 6.283185307180 3.141592653590 1.000000000000 
45 0.000000000000 3.926990816987 1.000000000000 
46 0.785398163398 3.926990816987 1.000000000000 
47 1.570796326795 3.926990816987 1.000000000000 
48 2.356194490193 3.926990816987 1.000000000000 
49 3.141592653590 3.926990816987 1.000000000000 
50 3.926990816987 3.926990816987 1.000000000000 
51 4.712388980385 3.926990816987 1.000000000000 
52 5.497787143783 3.926990816987 1.000000000000 
53 6.283185307180 3.926990816987 1.000000000000 
54 0.000000000000 4.712388980385 1.000000000000 
55 0.785398163398 4.712388980385 1.000000000000 
56 1.570796326795 4.712388980385 1.000000000000 
57 2.356194490193 4.712388980385 1.000000000000 
58 3.141592653590 4.712388980385 1.000000000000 
59 3.926990816987 4.712388980385 1.000000000000 
60 4.712388980385 4.712388980385 1.000000000000 
61 5.497787143783 4.712388980385 1.000000000000 
62 6.283185307180 4.712388980385 1.000000000000 
63 0.000000000000 5.497787143783 1.000000000000 
64 0.785398163398 5.497787143783 1.000000000000 
65 1.570796326795 5.497787143783 1.000000000000 
66 2.356194490193 5.497787143783 1.000000000000 
67 3.141592653590 5.497787143783 1.000000000000 
68 3.926990816987 5.497787143783 1.000000000000 
69 4.712388980385 5.497787143783 1.000000000000 
70 5.497787143783 5.497787143783 1.000000000000 
71 6.283185307180 5.497787143783 1.000000000000 
72 0.000000000000 6.283185307180 1.000000000000 
73 0.785398163398 6.283185307180 1.000000000000 
74 1.570796326795 6.283185307180 1.000000000000 
75 2.356194490193 6.283185307180 1.000000000000 
76 3.141592653590 6.283185307180 1.000000000000 
77 3.926990816987 6.283185307180 1.000000000000 
78 4.712388980385 6.283185307180 1.000000000000 
79 5.497787143783 6.283185307180 1.000000000000 
80 6.283185307180 6.283185307180 1.000000000000 
0 3 0 10 9 
1 3 0 1 10 
2 3 1 11 10 
3 3 1 2 11 
4 3 2 12 11 
5 3 2 3 12 
6 3 3 13 12 
7 3 3 4 13 
8 3 4 14 13 
9 3 4 5 14 
10 3 5 15 14 
11 3 5 6 15 
12 3 6 16 15 
13 3 6 7 16 
14 3 7 17 16 
15 3 7 8 17 
16 3 9 19 18 
17 3 9 10 19 
18 3 10 20 19 
19 3 10 11 20 
20 3 11 21 20 
21 3 11 12 21 
22 3 12 22 21 
23 3 12 13 22 
24 3 13 23 22 
25 3 13 14 23 
26 3 14 24 23 
27 3 14 15 24 
28 3 15 25 24 
29 3 15 16 25 
30 3 16 26 25 
31 3 16 17 26 
32 3 18 28 27 
33 3 18 19 28 
34 3 19 29 28 
35 3 19 20 29 
36 3 20 30 29 
37 3 20 21 30 
38 3 21 31 30 
39 3 21 22 31 
40 3 22 32 31 
41 3 22 23 32 
42 3 23 33 32 
43 3 23 24 33 
44 3 24 34 33 
45 3 24 25 34 
46 3 25 35 34 
47 3 25 26 35 
48 3 27 37 36 
49 3 27 28 37 
50 3 28 38 37 
51 3 28 29 38 
52 3 29 39 38 
53 3 29 30 39 
54 3 30 40 39 
55 3 30 31 40 
56 3 31 41 40 
57 3 31 32 41 
58 3 32 42 41 
59 3 32 33 42 
60 3 33 43 42 
61 3 33 34 43 
62 3 34 44 43 
63 3 34 35 44 
64 3 36 46 45 
65 3 36 37 46 
66 3 37 47 46 
67 3 37 38 47 
68 3 38 48 47 
69 3 38 39 48 
70 3 39 49 48 
71 3 39 40 49 
72 3 40 50 49 
73 3 40 41 50 
74 3 41 51 50 
75 3 41 42 51 
76 3 42 52 51 
77 3 42 43 52 
78 3 43 53 52 
79 3 43 44 53 
80 3 45 55 54 
81 3 45 46 55 
82 3 46 56 55 
83 3 46 47 56 
84 3 47 57 56 
85 3 47 48 57 
86 3 48 58 57 
87 3 48 49 58 
88 3 49 59 58 
89 3 49 50 59 
90 3 50 60 59 
91 3 50 51 60 
92 3 51 61 60 
93 3 51 52 61 
94 3 52 62 61 
95 3 52 53 62 
96 3 54 64 63 
97 3 54 55 64 
98 3 55 65 64 
99 3 55 56 65 
100 3 56 66 65 
101 3 56 57 66 
102 3 57 67 66 
103 3 57 58 67 
104 3 58 68 67 
105 3 58 59 68 
106 3 59 69 68 
107 3 59 60 69 
108 3 60 70 69 
109 3 60 61 70 
110 3 61 71 70 
111 3 61 62 71 
112 3 63 73 72 
113 3 63 64 73 
114 3 64 74 73 
115 3 64 65 74 
116 3 65 75 74 
117 3 65 66 75 
118 3 66 76 75 
119 3 66 67 76 
120 3 67 77 76 
121 3 67 68 77 
122 3 68 78 77 
123 3 68 69 78 
124 3 69 79 78 
125 3 69 70 79 
126 3 70 80 79 
127 3 70 71 80 
0 = Number of open boundaries
0 = Total number of open boundary nodes
4 = Number of land boundaries
36 = Total number of land boundary nodes
9 0 = Number of nodes for land boundary 1
0
1
2
3
4
5
6
7
8
9 0 = Number of nodes for land boundary 2
8
17
26
35
44
53
62
71
80
9 0 = Number of nodes for land boundary 3
72
73
74
75
76
77
78
79
80
9 0 = Number of nodes for land boundary 4
0
9
18
27
36
45
54
63
72
0 = Number of generic boundaries
0 = Total number of generic boundary nodes
