rectangle
400    402
0 -20.000000000000 0.000000000000 1.000000000000 
1 -19.800000000000 0.000000000000 1.000000000000 
2 -19.600000000000 0.000000000000 1.000000000000 
3 -19.400000000000 0.000000000000 1.000000000000 
4 -19.200000000000 0.000000000000 1.000000000000 
5 -19.000000000000 0.000000000000 1.000000000000 
6 -18.800000000000 0.000000000000 1.000000000000 
7 -18.600000000000 0.000000000000 1.000000000000 
8 -18.400000000000 0.000000000000 1.000000000000 
9 -18.200000000000 0.000000000000 1.000000000000 
10 -18.000000000000 0.000000000000 1.000000000000 
11 -17.800000000000 0.000000000000 1.000000000000 
12 -17.600000000000 0.000000000000 1.000000000000 
13 -17.400000000000 0.000000000000 1.000000000000 
14 -17.200000000000 0.000000000000 1.000000000000 
15 -17.000000000000 0.000000000000 1.000000000000 
16 -16.800000000000 0.000000000000 1.000000000000 
17 -16.600000000000 0.000000000000 1.000000000000 
18 -16.400000000000 0.000000000000 1.000000000000 
19 -16.200000000000 0.000000000000 1.000000000000 
20 -16.000000000000 0.000000000000 1.000000000000 
21 -15.800000000000 0.000000000000 1.000000000000 
22 -15.600000000000 0.000000000000 1.000000000000 
23 -15.400000000000 0.000000000000 1.000000000000 
24 -15.200000000000 0.000000000000 1.000000000000 
25 -15.000000000000 0.000000000000 1.000000000000 
26 -14.800000000000 0.000000000000 1.000000000000 
27 -14.600000000000 0.000000000000 1.000000000000 
28 -14.400000000000 0.000000000000 1.000000000000 
29 -14.200000000000 0.000000000000 1.000000000000 
30 -14.000000000000 0.000000000000 1.000000000000 
31 -13.800000000000 0.000000000000 1.000000000000 
32 -13.600000000000 0.000000000000 1.000000000000 
33 -13.400000000000 0.000000000000 1.000000000000 
34 -13.200000000000 0.000000000000 1.000000000000 
35 -13.000000000000 0.000000000000 1.000000000000 
36 -12.800000000000 0.000000000000 1.000000000000 
37 -12.600000000000 0.000000000000 1.000000000000 
38 -12.400000000000 0.000000000000 1.000000000000 
39 -12.200000000000 0.000000000000 1.000000000000 
40 -12.000000000000 0.000000000000 1.000000000000 
41 -11.800000000000 0.000000000000 1.000000000000 
42 -11.600000000000 0.000000000000 1.000000000000 
43 -11.400000000000 0.000000000000 1.000000000000 
44 -11.200000000000 0.000000000000 1.000000000000 
45 -11.000000000000 0.000000000000 1.000000000000 
46 -10.800000000000 0.000000000000 1.000000000000 
47 -10.600000000000 0.000000000000 1.000000000000 
48 -10.400000000000 0.000000000000 1.000000000000 
49 -10.200000000000 0.000000000000 1.000000000000 
50 -10.000000000000 0.000000000000 1.000000000000 
51 -9.800000000000 0.000000000000 1.000000000000 
52 -9.600000000000 0.000000000000 1.000000000000 
53 -9.400000000000 0.000000000000 1.000000000000 
54 -9.200000000000 0.000000000000 1.000000000000 
55 -9.000000000000 0.000000000000 1.000000000000 
56 -8.800000000000 0.000000000000 1.000000000000 
57 -8.600000000000 0.000000000000 1.000000000000 
58 -8.400000000000 0.000000000000 1.000000000000 
59 -8.200000000000 0.000000000000 1.000000000000 
60 -8.000000000000 0.000000000000 1.000000000000 
61 -7.800000000000 0.000000000000 1.000000000000 
62 -7.600000000000 0.000000000000 1.000000000000 
63 -7.400000000000 0.000000000000 1.000000000000 
64 -7.200000000000 0.000000000000 1.000000000000 
65 -7.000000000000 0.000000000000 1.000000000000 
66 -6.800000000000 0.000000000000 1.000000000000 
67 -6.600000000000 0.000000000000 1.000000000000 
68 -6.400000000000 0.000000000000 1.000000000000 
69 -6.200000000000 0.000000000000 1.000000000000 
70 -6.000000000000 0.000000000000 1.000000000000 
71 -5.800000000000 0.000000000000 1.000000000000 
72 -5.600000000000 0.000000000000 1.000000000000 
73 -5.400000000000 0.000000000000 1.000000000000 
74 -5.200000000000 0.000000000000 1.000000000000 
75 -5.000000000000 0.000000000000 1.000000000000 
76 -4.800000000000 0.000000000000 1.000000000000 
77 -4.600000000000 0.000000000000 1.000000000000 
78 -4.400000000000 0.000000000000 1.000000000000 
79 -4.200000000000 0.000000000000 1.000000000000 
80 -4.000000000000 0.000000000000 1.000000000000 
81 -3.800000000000 0.000000000000 1.000000000000 
82 -3.600000000000 0.000000000000 1.000000000000 
83 -3.400000000000 0.000000000000 1.000000000000 
84 -3.200000000000 0.000000000000 1.000000000000 
85 -3.000000000000 0.000000000000 1.000000000000 
86 -2.800000000000 0.000000000000 1.000000000000 
87 -2.600000000000 0.000000000000 1.000000000000 
88 -2.400000000000 0.000000000000 1.000000000000 
89 -2.200000000000 0.000000000000 1.000000000000 
90 -2.000000000000 0.000000000000 1.000000000000 
91 -1.800000000000 0.000000000000 1.000000000000 
92 -1.600000000000 0.000000000000 1.000000000000 
93 -1.400000000000 0.000000000000 1.000000000000 
94 -1.200000000000 0.000000000000 1.000000000000 
95 -1.000000000000 0.000000000000 1.000000000000 
96 -0.800000000000 0.000000000000 1.000000000000 
97 -0.600000000000 0.000000000000 1.000000000000 
98 -0.400000000000 0.000000000000 1.000000000000 
99 -0.200000000000 0.000000000000 1.000000000000 
100 0.000000000000 0.000000000000 1.000000000000 
101 0.200000000000 0.000000000000 1.000000000000 
102 0.400000000000 0.000000000000 1.000000000000 
103 0.600000000000 0.000000000000 1.000000000000 
104 0.800000000000 0.000000000000 1.000000000000 
105 1.000000000000 0.000000000000 1.000000000000 
106 1.200000000000 0.000000000000 1.000000000000 
107 1.400000000000 0.000000000000 1.000000000000 
108 1.600000000000 0.000000000000 1.000000000000 
109 1.800000000000 0.000000000000 1.000000000000 
110 2.000000000000 0.000000000000 1.000000000000 
111 2.200000000000 0.000000000000 1.000000000000 
112 2.400000000000 0.000000000000 1.000000000000 
113 2.600000000000 0.000000000000 1.000000000000 
114 2.800000000000 0.000000000000 1.000000000000 
115 3.000000000000 0.000000000000 1.000000000000 
116 3.200000000000 0.000000000000 1.000000000000 
117 3.400000000000 0.000000000000 1.000000000000 
118 3.600000000000 0.000000000000 1.000000000000 
119 3.800000000000 0.000000000000 1.000000000000 
120 4.000000000000 0.000000000000 1.000000000000 
121 4.200000000000 0.000000000000 1.000000000000 
122 4.400000000000 0.000000000000 1.000000000000 
123 4.600000000000 0.000000000000 1.000000000000 
124 4.800000000000 0.000000000000 1.000000000000 
125 5.000000000000 0.000000000000 1.000000000000 
126 5.200000000000 0.000000000000 1.000000000000 
127 5.400000000000 0.000000000000 1.000000000000 
128 5.600000000000 0.000000000000 1.000000000000 
129 5.800000000000 0.000000000000 1.000000000000 
130 6.000000000000 0.000000000000 1.000000000000 
131 6.200000000000 0.000000000000 1.000000000000 
132 6.400000000000 0.000000000000 1.000000000000 
133 6.600000000000 0.000000000000 1.000000000000 
134 6.800000000000 0.000000000000 1.000000000000 
135 7.000000000000 0.000000000000 1.000000000000 
136 7.200000000000 0.000000000000 1.000000000000 
137 7.400000000000 0.000000000000 1.000000000000 
138 7.600000000000 0.000000000000 1.000000000000 
139 7.800000000000 0.000000000000 1.000000000000 
140 8.000000000000 0.000000000000 1.000000000000 
141 8.200000000000 0.000000000000 1.000000000000 
142 8.400000000000 0.000000000000 1.000000000000 
143 8.600000000000 0.000000000000 1.000000000000 
144 8.800000000000 0.000000000000 1.000000000000 
145 9.000000000000 0.000000000000 1.000000000000 
146 9.200000000000 0.000000000000 1.000000000000 
147 9.400000000000 0.000000000000 1.000000000000 
148 9.600000000000 0.000000000000 1.000000000000 
149 9.800000000000 0.000000000000 1.000000000000 
150 10.000000000000 0.000000000000 1.000000000000 
151 10.200000000000 0.000000000000 1.000000000000 
152 10.400000000000 0.000000000000 1.000000000000 
153 10.600000000000 0.000000000000 1.000000000000 
154 10.800000000000 0.000000000000 1.000000000000 
155 11.000000000000 0.000000000000 1.000000000000 
156 11.200000000000 0.000000000000 1.000000000000 
157 11.400000000000 0.000000000000 1.000000000000 
158 11.600000000000 0.000000000000 1.000000000000 
159 11.800000000000 0.000000000000 1.000000000000 
160 12.000000000000 0.000000000000 1.000000000000 
161 12.200000000000 0.000000000000 1.000000000000 
162 12.400000000000 0.000000000000 1.000000000000 
163 12.600000000000 0.000000000000 1.000000000000 
164 12.800000000000 0.000000000000 1.000000000000 
165 13.000000000000 0.000000000000 1.000000000000 
166 13.200000000000 0.000000000000 1.000000000000 
167 13.400000000000 0.000000000000 1.000000000000 
168 13.600000000000 0.000000000000 1.000000000000 
169 13.800000000000 0.000000000000 1.000000000000 
170 14.000000000000 0.000000000000 1.000000000000 
171 14.200000000000 0.000000000000 1.000000000000 
172 14.400000000000 0.000000000000 1.000000000000 
173 14.600000000000 0.000000000000 1.000000000000 
174 14.800000000000 0.000000000000 1.000000000000 
175 15.000000000000 0.000000000000 1.000000000000 
176 15.200000000000 0.000000000000 1.000000000000 
177 15.400000000000 0.000000000000 1.000000000000 
178 15.600000000000 0.000000000000 1.000000000000 
179 15.800000000000 0.000000000000 1.000000000000 
180 16.000000000000 0.000000000000 1.000000000000 
181 16.200000000000 0.000000000000 1.000000000000 
182 16.400000000000 0.000000000000 1.000000000000 
183 16.600000000000 0.000000000000 1.000000000000 
184 16.800000000000 0.000000000000 1.000000000000 
185 17.000000000000 0.000000000000 1.000000000000 
186 17.200000000000 0.000000000000 1.000000000000 
187 17.400000000000 0.000000000000 1.000000000000 
188 17.600000000000 0.000000000000 1.000000000000 
189 17.800000000000 0.000000000000 1.000000000000 
190 18.000000000000 0.000000000000 1.000000000000 
191 18.200000000000 0.000000000000 1.000000000000 
192 18.400000000000 0.000000000000 1.000000000000 
193 18.600000000000 0.000000000000 1.000000000000 
194 18.800000000000 0.000000000000 1.000000000000 
195 19.000000000000 0.000000000000 1.000000000000 
196 19.200000000000 0.000000000000 1.000000000000 
197 19.400000000000 0.000000000000 1.000000000000 
198 19.600000000000 0.000000000000 1.000000000000 
199 19.800000000000 0.000000000000 1.000000000000 
200 20.000000000000 0.000000000000 1.000000000000 
201 -20.000000000000 0.200000000000 1.000000000000 
202 -19.800000000000 0.200000000000 1.000000000000 
203 -19.600000000000 0.200000000000 1.000000000000 
204 -19.400000000000 0.200000000000 1.000000000000 
205 -19.200000000000 0.200000000000 1.000000000000 
206 -19.000000000000 0.200000000000 1.000000000000 
207 -18.800000000000 0.200000000000 1.000000000000 
208 -18.600000000000 0.200000000000 1.000000000000 
209 -18.400000000000 0.200000000000 1.000000000000 
210 -18.200000000000 0.200000000000 1.000000000000 
211 -18.000000000000 0.200000000000 1.000000000000 
212 -17.800000000000 0.200000000000 1.000000000000 
213 -17.600000000000 0.200000000000 1.000000000000 
214 -17.400000000000 0.200000000000 1.000000000000 
215 -17.200000000000 0.200000000000 1.000000000000 
216 -17.000000000000 0.200000000000 1.000000000000 
217 -16.800000000000 0.200000000000 1.000000000000 
218 -16.600000000000 0.200000000000 1.000000000000 
219 -16.400000000000 0.200000000000 1.000000000000 
220 -16.200000000000 0.200000000000 1.000000000000 
221 -16.000000000000 0.200000000000 1.000000000000 
222 -15.800000000000 0.200000000000 1.000000000000 
223 -15.600000000000 0.200000000000 1.000000000000 
224 -15.400000000000 0.200000000000 1.000000000000 
225 -15.200000000000 0.200000000000 1.000000000000 
226 -15.000000000000 0.200000000000 1.000000000000 
227 -14.800000000000 0.200000000000 1.000000000000 
228 -14.600000000000 0.200000000000 1.000000000000 
229 -14.400000000000 0.200000000000 1.000000000000 
230 -14.200000000000 0.200000000000 1.000000000000 
231 -14.000000000000 0.200000000000 1.000000000000 
232 -13.800000000000 0.200000000000 1.000000000000 
233 -13.600000000000 0.200000000000 1.000000000000 
234 -13.400000000000 0.200000000000 1.000000000000 
235 -13.200000000000 0.200000000000 1.000000000000 
236 -13.000000000000 0.200000000000 1.000000000000 
237 -12.800000000000 0.200000000000 1.000000000000 
238 -12.600000000000 0.200000000000 1.000000000000 
239 -12.400000000000 0.200000000000 1.000000000000 
240 -12.200000000000 0.200000000000 1.000000000000 
241 -12.000000000000 0.200000000000 1.000000000000 
242 -11.800000000000 0.200000000000 1.000000000000 
243 -11.600000000000 0.200000000000 1.000000000000 
244 -11.400000000000 0.200000000000 1.000000000000 
245 -11.200000000000 0.200000000000 1.000000000000 
246 -11.000000000000 0.200000000000 1.000000000000 
247 -10.800000000000 0.200000000000 1.000000000000 
248 -10.600000000000 0.200000000000 1.000000000000 
249 -10.400000000000 0.200000000000 1.000000000000 
250 -10.200000000000 0.200000000000 1.000000000000 
251 -10.000000000000 0.200000000000 1.000000000000 
252 -9.800000000000 0.200000000000 1.000000000000 
253 -9.600000000000 0.200000000000 1.000000000000 
254 -9.400000000000 0.200000000000 1.000000000000 
255 -9.200000000000 0.200000000000 1.000000000000 
256 -9.000000000000 0.200000000000 1.000000000000 
257 -8.800000000000 0.200000000000 1.000000000000 
258 -8.600000000000 0.200000000000 1.000000000000 
259 -8.400000000000 0.200000000000 1.000000000000 
260 -8.200000000000 0.200000000000 1.000000000000 
261 -8.000000000000 0.200000000000 1.000000000000 
262 -7.800000000000 0.200000000000 1.000000000000 
263 -7.600000000000 0.200000000000 1.000000000000 
264 -7.400000000000 0.200000000000 1.000000000000 
265 -7.200000000000 0.200000000000 1.000000000000 
266 -7.000000000000 0.200000000000 1.000000000000 
267 -6.800000000000 0.200000000000 1.000000000000 
268 -6.600000000000 0.200000000000 1.000000000000 
269 -6.400000000000 0.200000000000 1.000000000000 
270 -6.200000000000 0.200000000000 1.000000000000 
271 -6.000000000000 0.200000000000 1.000000000000 
272 -5.800000000000 0.200000000000 1.000000000000 
273 -5.600000000000 0.200000000000 1.000000000000 
274 -5.400000000000 0.200000000000 1.000000000000 
275 -5.200000000000 0.200000000000 1.000000000000 
276 -5.000000000000 0.200000000000 1.000000000000 
277 -4.800000000000 0.200000000000 1.000000000000 
278 -4.600000000000 0.200000000000 1.000000000000 
279 -4.400000000000 0.200000000000 1.000000000000 
280 -4.200000000000 0.200000000000 1.000000000000 
281 -4.000000000000 0.200000000000 1.000000000000 
282 -3.800000000000 0.200000000000 1.000000000000 
283 -3.600000000000 0.200000000000 1.000000000000 
284 -3.400000000000 0.200000000000 1.000000000000 
285 -3.200000000000 0.200000000000 1.000000000000 
286 -3.000000000000 0.200000000000 1.000000000000 
287 -2.800000000000 0.200000000000 1.000000000000 
288 -2.600000000000 0.200000000000 1.000000000000 
289 -2.400000000000 0.200000000000 1.000000000000 
290 -2.200000000000 0.200000000000 1.000000000000 
291 -2.000000000000 0.200000000000 1.000000000000 
292 -1.800000000000 0.200000000000 1.000000000000 
293 -1.600000000000 0.200000000000 1.000000000000 
294 -1.400000000000 0.200000000000 1.000000000000 
295 -1.200000000000 0.200000000000 1.000000000000 
296 -1.000000000000 0.200000000000 1.000000000000 
297 -0.800000000000 0.200000000000 1.000000000000 
298 -0.600000000000 0.200000000000 1.000000000000 
299 -0.400000000000 0.200000000000 1.000000000000 
300 -0.200000000000 0.200000000000 1.000000000000 
301 0.000000000000 0.200000000000 1.000000000000 
302 0.200000000000 0.200000000000 1.000000000000 
303 0.400000000000 0.200000000000 1.000000000000 
304 0.600000000000 0.200000000000 1.000000000000 
305 0.800000000000 0.200000000000 1.000000000000 
306 1.000000000000 0.200000000000 1.000000000000 
307 1.200000000000 0.200000000000 1.000000000000 
308 1.400000000000 0.200000000000 1.000000000000 
309 1.600000000000 0.200000000000 1.000000000000 
310 1.800000000000 0.200000000000 1.000000000000 
311 2.000000000000 0.200000000000 1.000000000000 
312 2.200000000000 0.200000000000 1.000000000000 
313 2.400000000000 0.200000000000 1.000000000000 
314 2.600000000000 0.200000000000 1.000000000000 
315 2.800000000000 0.200000000000 1.000000000000 
316 3.000000000000 0.200000000000 1.000000000000 
317 3.200000000000 0.200000000000 1.000000000000 
318 3.400000000000 0.200000000000 1.000000000000 
319 3.600000000000 0.200000000000 1.000000000000 
320 3.800000000000 0.200000000000 1.000000000000 
321 4.000000000000 0.200000000000 1.000000000000 
322 4.200000000000 0.200000000000 1.000000000000 
323 4.400000000000 0.200000000000 1.000000000000 
324 4.600000000000 0.200000000000 1.000000000000 
325 4.800000000000 0.200000000000 1.000000000000 
326 5.000000000000 0.200000000000 1.000000000000 
327 5.200000000000 0.200000000000 1.000000000000 
328 5.400000000000 0.200000000000 1.000000000000 
329 5.600000000000 0.200000000000 1.000000000000 
330 5.800000000000 0.200000000000 1.000000000000 
331 6.000000000000 0.200000000000 1.000000000000 
332 6.200000000000 0.200000000000 1.000000000000 
333 6.400000000000 0.200000000000 1.000000000000 
334 6.600000000000 0.200000000000 1.000000000000 
335 6.800000000000 0.200000000000 1.000000000000 
336 7.000000000000 0.200000000000 1.000000000000 
337 7.200000000000 0.200000000000 1.000000000000 
338 7.400000000000 0.200000000000 1.000000000000 
339 7.600000000000 0.200000000000 1.000000000000 
340 7.800000000000 0.200000000000 1.000000000000 
341 8.000000000000 0.200000000000 1.000000000000 
342 8.200000000000 0.200000000000 1.000000000000 
343 8.400000000000 0.200000000000 1.000000000000 
344 8.600000000000 0.200000000000 1.000000000000 
345 8.800000000000 0.200000000000 1.000000000000 
346 9.000000000000 0.200000000000 1.000000000000 
347 9.200000000000 0.200000000000 1.000000000000 
348 9.400000000000 0.200000000000 1.000000000000 
349 9.600000000000 0.200000000000 1.000000000000 
350 9.800000000000 0.200000000000 1.000000000000 
351 10.000000000000 0.200000000000 1.000000000000 
352 10.200000000000 0.200000000000 1.000000000000 
353 10.400000000000 0.200000000000 1.000000000000 
354 10.600000000000 0.200000000000 1.000000000000 
355 10.800000000000 0.200000000000 1.000000000000 
356 11.000000000000 0.200000000000 1.000000000000 
357 11.200000000000 0.200000000000 1.000000000000 
358 11.400000000000 0.200000000000 1.000000000000 
359 11.600000000000 0.200000000000 1.000000000000 
360 11.800000000000 0.200000000000 1.000000000000 
361 12.000000000000 0.200000000000 1.000000000000 
362 12.200000000000 0.200000000000 1.000000000000 
363 12.400000000000 0.200000000000 1.000000000000 
364 12.600000000000 0.200000000000 1.000000000000 
365 12.800000000000 0.200000000000 1.000000000000 
366 13.000000000000 0.200000000000 1.000000000000 
367 13.200000000000 0.200000000000 1.000000000000 
368 13.400000000000 0.200000000000 1.000000000000 
369 13.600000000000 0.200000000000 1.000000000000 
370 13.800000000000 0.200000000000 1.000000000000 
371 14.000000000000 0.200000000000 1.000000000000 
372 14.200000000000 0.200000000000 1.000000000000 
373 14.400000000000 0.200000000000 1.000000000000 
374 14.600000000000 0.200000000000 1.000000000000 
375 14.800000000000 0.200000000000 1.000000000000 
376 15.000000000000 0.200000000000 1.000000000000 
377 15.200000000000 0.200000000000 1.000000000000 
378 15.400000000000 0.200000000000 1.000000000000 
379 15.600000000000 0.200000000000 1.000000000000 
380 15.800000000000 0.200000000000 1.000000000000 
381 16.000000000000 0.200000000000 1.000000000000 
382 16.200000000000 0.200000000000 1.000000000000 
383 16.400000000000 0.200000000000 1.000000000000 
384 16.600000000000 0.200000000000 1.000000000000 
385 16.800000000000 0.200000000000 1.000000000000 
386 17.000000000000 0.200000000000 1.000000000000 
387 17.200000000000 0.200000000000 1.000000000000 
388 17.400000000000 0.200000000000 1.000000000000 
389 17.600000000000 0.200000000000 1.000000000000 
390 17.800000000000 0.200000000000 1.000000000000 
391 18.000000000000 0.200000000000 1.000000000000 
392 18.200000000000 0.200000000000 1.000000000000 
393 18.400000000000 0.200000000000 1.000000000000 
394 18.600000000000 0.200000000000 1.000000000000 
395 18.800000000000 0.200000000000 1.000000000000 
396 19.000000000000 0.200000000000 1.000000000000 
397 19.200000000000 0.200000000000 1.000000000000 
398 19.400000000000 0.200000000000 1.000000000000 
399 19.600000000000 0.200000000000 1.000000000000 
400 19.800000000000 0.200000000000 1.000000000000 
401 20.000000000000 0.200000000000 1.000000000000 
0 3 0 202 201 
1 3 0 1 202 
2 3 1 203 202 
3 3 1 2 203 
4 3 2 204 203 
5 3 2 3 204 
6 3 3 205 204 
7 3 3 4 205 
8 3 4 206 205 
9 3 4 5 206 
10 3 5 207 206 
11 3 5 6 207 
12 3 6 208 207 
13 3 6 7 208 
14 3 7 209 208 
15 3 7 8 209 
16 3 8 210 209 
17 3 8 9 210 
18 3 9 211 210 
19 3 9 10 211 
20 3 10 212 211 
21 3 10 11 212 
22 3 11 213 212 
23 3 11 12 213 
24 3 12 214 213 
25 3 12 13 214 
26 3 13 215 214 
27 3 13 14 215 
28 3 14 216 215 
29 3 14 15 216 
30 3 15 217 216 
31 3 15 16 217 
32 3 16 218 217 
33 3 16 17 218 
34 3 17 219 218 
35 3 17 18 219 
36 3 18 220 219 
37 3 18 19 220 
38 3 19 221 220 
39 3 19 20 221 
40 3 20 222 221 
41 3 20 21 222 
42 3 21 223 222 
43 3 21 22 223 
44 3 22 224 223 
45 3 22 23 224 
46 3 23 225 224 
47 3 23 24 225 
48 3 24 226 225 
49 3 24 25 226 
50 3 25 227 226 
51 3 25 26 227 
52 3 26 228 227 
53 3 26 27 228 
54 3 27 229 228 
55 3 27 28 229 
56 3 28 230 229 
57 3 28 29 230 
58 3 29 231 230 
59 3 29 30 231 
60 3 30 232 231 
61 3 30 31 232 
62 3 31 233 232 
63 3 31 32 233 
64 3 32 234 233 
65 3 32 33 234 
66 3 33 235 234 
67 3 33 34 235 
68 3 34 236 235 
69 3 34 35 236 
70 3 35 237 236 
71 3 35 36 237 
72 3 36 238 237 
73 3 36 37 238 
74 3 37 239 238 
75 3 37 38 239 
76 3 38 240 239 
77 3 38 39 240 
78 3 39 241 240 
79 3 39 40 241 
80 3 40 242 241 
81 3 40 41 242 
82 3 41 243 242 
83 3 41 42 243 
84 3 42 244 243 
85 3 42 43 244 
86 3 43 245 244 
87 3 43 44 245 
88 3 44 246 245 
89 3 44 45 246 
90 3 45 247 246 
91 3 45 46 247 
92 3 46 248 247 
93 3 46 47 248 
94 3 47 249 248 
95 3 47 48 249 
96 3 48 250 249 
97 3 48 49 250 
98 3 49 251 250 
99 3 49 50 251 
100 3 50 252 251 
101 3 50 51 252 
102 3 51 253 252 
103 3 51 52 253 
104 3 52 254 253 
105 3 52 53 254 
106 3 53 255 254 
107 3 53 54 255 
108 3 54 256 255 
109 3 54 55 256 
110 3 55 257 256 
111 3 55 56 257 
112 3 56 258 257 
113 3 56 57 258 
114 3 57 259 258 
115 3 57 58 259 
116 3 58 260 259 
117 3 58 59 260 
118 3 59 261 260 
119 3 59 60 261 
120 3 60 262 261 
121 3 60 61 262 
122 3 61 263 262 
123 3 61 62 263 
124 3 62 264 263 
125 3 62 63 264 
126 3 63 265 264 
127 3 63 64 265 
128 3 64 266 265 
129 3 64 65 266 
130 3 65 267 266 
131 3 65 66 267 
132 3 66 268 267 
133 3 66 67 268 
134 3 67 269 268 
135 3 67 68 269 
136 3 68 270 269 
137 3 68 69 270 
138 3 69 271 270 
139 3 69 70 271 
140 3 70 272 271 
141 3 70 71 272 
142 3 71 273 272 
143 3 71 72 273 
144 3 72 274 273 
145 3 72 73 274 
146 3 73 275 274 
147 3 73 74 275 
148 3 74 276 275 
149 3 74 75 276 
150 3 75 277 276 
151 3 75 76 277 
152 3 76 278 277 
153 3 76 77 278 
154 3 77 279 278 
155 3 77 78 279 
156 3 78 280 279 
157 3 78 79 280 
158 3 79 281 280 
159 3 79 80 281 
160 3 80 282 281 
161 3 80 81 282 
162 3 81 283 282 
163 3 81 82 283 
164 3 82 284 283 
165 3 82 83 284 
166 3 83 285 284 
167 3 83 84 285 
168 3 84 286 285 
169 3 84 85 286 
170 3 85 287 286 
171 3 85 86 287 
172 3 86 288 287 
173 3 86 87 288 
174 3 87 289 288 
175 3 87 88 289 
176 3 88 290 289 
177 3 88 89 290 
178 3 89 291 290 
179 3 89 90 291 
180 3 90 292 291 
181 3 90 91 292 
182 3 91 293 292 
183 3 91 92 293 
184 3 92 294 293 
185 3 92 93 294 
186 3 93 295 294 
187 3 93 94 295 
188 3 94 296 295 
189 3 94 95 296 
190 3 95 297 296 
191 3 95 96 297 
192 3 96 298 297 
193 3 96 97 298 
194 3 97 299 298 
195 3 97 98 299 
196 3 98 300 299 
197 3 98 99 300 
198 3 99 301 300 
199 3 99 100 301 
200 3 100 302 301 
201 3 100 101 302 
202 3 101 303 302 
203 3 101 102 303 
204 3 102 304 303 
205 3 102 103 304 
206 3 103 305 304 
207 3 103 104 305 
208 3 104 306 305 
209 3 104 105 306 
210 3 105 307 306 
211 3 105 106 307 
212 3 106 308 307 
213 3 106 107 308 
214 3 107 309 308 
215 3 107 108 309 
216 3 108 310 309 
217 3 108 109 310 
218 3 109 311 310 
219 3 109 110 311 
220 3 110 312 311 
221 3 110 111 312 
222 3 111 313 312 
223 3 111 112 313 
224 3 112 314 313 
225 3 112 113 314 
226 3 113 315 314 
227 3 113 114 315 
228 3 114 316 315 
229 3 114 115 316 
230 3 115 317 316 
231 3 115 116 317 
232 3 116 318 317 
233 3 116 117 318 
234 3 117 319 318 
235 3 117 118 319 
236 3 118 320 319 
237 3 118 119 320 
238 3 119 321 320 
239 3 119 120 321 
240 3 120 322 321 
241 3 120 121 322 
242 3 121 323 322 
243 3 121 122 323 
244 3 122 324 323 
245 3 122 123 324 
246 3 123 325 324 
247 3 123 124 325 
248 3 124 326 325 
249 3 124 125 326 
250 3 125 327 326 
251 3 125 126 327 
252 3 126 328 327 
253 3 126 127 328 
254 3 127 329 328 
255 3 127 128 329 
256 3 128 330 329 
257 3 128 129 330 
258 3 129 331 330 
259 3 129 130 331 
260 3 130 332 331 
261 3 130 131 332 
262 3 131 333 332 
263 3 131 132 333 
264 3 132 334 333 
265 3 132 133 334 
266 3 133 335 334 
267 3 133 134 335 
268 3 134 336 335 
269 3 134 135 336 
270 3 135 337 336 
271 3 135 136 337 
272 3 136 338 337 
273 3 136 137 338 
274 3 137 339 338 
275 3 137 138 339 
276 3 138 340 339 
277 3 138 139 340 
278 3 139 341 340 
279 3 139 140 341 
280 3 140 342 341 
281 3 140 141 342 
282 3 141 343 342 
283 3 141 142 343 
284 3 142 344 343 
285 3 142 143 344 
286 3 143 345 344 
287 3 143 144 345 
288 3 144 346 345 
289 3 144 145 346 
290 3 145 347 346 
291 3 145 146 347 
292 3 146 348 347 
293 3 146 147 348 
294 3 147 349 348 
295 3 147 148 349 
296 3 148 350 349 
297 3 148 149 350 
298 3 149 351 350 
299 3 149 150 351 
300 3 150 352 351 
301 3 150 151 352 
302 3 151 353 352 
303 3 151 152 353 
304 3 152 354 353 
305 3 152 153 354 
306 3 153 355 354 
307 3 153 154 355 
308 3 154 356 355 
309 3 154 155 356 
310 3 155 357 356 
311 3 155 156 357 
312 3 156 358 357 
313 3 156 157 358 
314 3 157 359 358 
315 3 157 158 359 
316 3 158 360 359 
317 3 158 159 360 
318 3 159 361 360 
319 3 159 160 361 
320 3 160 362 361 
321 3 160 161 362 
322 3 161 363 362 
323 3 161 162 363 
324 3 162 364 363 
325 3 162 163 364 
326 3 163 365 364 
327 3 163 164 365 
328 3 164 366 365 
329 3 164 165 366 
330 3 165 367 366 
331 3 165 166 367 
332 3 166 368 367 
333 3 166 167 368 
334 3 167 369 368 
335 3 167 168 369 
336 3 168 370 369 
337 3 168 169 370 
338 3 169 371 370 
339 3 169 170 371 
340 3 170 372 371 
341 3 170 171 372 
342 3 171 373 372 
343 3 171 172 373 
344 3 172 374 373 
345 3 172 173 374 
346 3 173 375 374 
347 3 173 174 375 
348 3 174 376 375 
349 3 174 175 376 
350 3 175 377 376 
351 3 175 176 377 
352 3 176 378 377 
353 3 176 177 378 
354 3 177 379 378 
355 3 177 178 379 
356 3 178 380 379 
357 3 178 179 380 
358 3 179 381 380 
359 3 179 180 381 
360 3 180 382 381 
361 3 180 181 382 
362 3 181 383 382 
363 3 181 182 383 
364 3 182 384 383 
365 3 182 183 384 
366 3 183 385 384 
367 3 183 184 385 
368 3 184 386 385 
369 3 184 185 386 
370 3 185 387 386 
371 3 185 186 387 
372 3 186 388 387 
373 3 186 187 388 
374 3 187 389 388 
375 3 187 188 389 
376 3 188 390 389 
377 3 188 189 390 
378 3 189 391 390 
379 3 189 190 391 
380 3 190 392 391 
381 3 190 191 392 
382 3 191 393 392 
383 3 191 192 393 
384 3 192 394 393 
385 3 192 193 394 
386 3 193 395 394 
387 3 193 194 395 
388 3 194 396 395 
389 3 194 195 396 
390 3 195 397 396 
391 3 195 196 397 
392 3 196 398 397 
393 3 196 197 398 
394 3 197 399 398 
395 3 197 198 399 
396 3 198 400 399 
397 3 198 199 400 
398 3 199 401 400 
399 3 199 200 401 
0 = Number of open boundaries
0 = Total number of open boundary nodes
4 = Number of land boundaries
406 = Total number of land boundary nodes
201 0 = Number of nodes for land boundary 1
0
1
2
3
4
5
6
7
8
9
10
11
12
13
14
15
16
17
18
19
20
21
22
23
24
25
26
27
28
29
30
31
32
33
34
35
36
37
38
39
40
41
42
43
44
45
46
47
48
49
50
51
52
53
54
55
56
57
58
59
60
61
62
63
64
65
66
67
68
69
70
71
72
73
74
75
76
77
78
79
80
81
82
83
84
85
86
87
88
89
90
91
92
93
94
95
96
97
98
99
100
101
102
103
104
105
106
107
108
109
110
111
112
113
114
115
116
117
118
119
120
121
122
123
124
125
126
127
128
129
130
131
132
133
134
135
136
137
138
139
140
141
142
143
144
145
146
147
148
149
150
151
152
153
154
155
156
157
158
159
160
161
162
163
164
165
166
167
168
169
170
171
172
173
174
175
176
177
178
179
180
181
182
183
184
185
186
187
188
189
190
191
192
193
194
195
196
197
198
199
200
2 0 = Number of nodes for land boundary 2
200
401
201 0 = Number of nodes for land boundary 3
201
202
203
204
205
206
207
208
209
210
211
212
213
214
215
216
217
218
219
220
221
222
223
224
225
226
227
228
229
230
231
232
233
234
235
236
237
238
239
240
241
242
243
244
245
246
247
248
249
250
251
252
253
254
255
256
257
258
259
260
261
262
263
264
265
266
267
268
269
270
271
272
273
274
275
276
277
278
279
280
281
282
283
284
285
286
287
288
289
290
291
292
293
294
295
296
297
298
299
300
301
302
303
304
305
306
307
308
309
310
311
312
313
314
315
316
317
318
319
320
321
322
323
324
325
326
327
328
329
330
331
332
333
334
335
336
337
338
339
340
341
342
343
344
345
346
347
348
349
350
351
352
353
354
355
356
357
358
359
360
361
362
363
364
365
366
367
368
369
370
371
372
373
374
375
376
377
378
379
380
381
382
383
384
385
386
387
388
389
390
391
392
393
394
395
396
397
398
399
400
401
2 0 = Number of nodes for land boundary 4
0
201
0 = Number of generic boundaries
0 = Total number of generic boundary nodes
